1001;45;77;123;province_1001;0
1002;90;154;246;province_1002;0
1003;135;231;113;province_1003;0
1004;180;52;236;province_1004;0
1005;225;129;103;province_1005;0
1006;14;206;226;province_1006;0
1007;59;27;93;province_1007;0
1008;104;104;216;province_1008;0
1009;149;181;83;province_1009;0
1010;194;2;206;province_1010;0
1011;239;79;73;province_1011;0
1012;28;156;196;province_1012;0
1013;73;233;63;province_1013;0
1014;118;54;186;province_1014;0
1015;163;131;53;province_1015;0
1016;208;208;176;province_1016;0
1017;253;29;43;province_1017;0
1018;42;106;166;province_1018;0
1019;87;183;33;province_1019;0
1020;132;4;156;province_1020;0
1021;177;81;23;province_1021;0
1022;222;158;146;province_1022;0
1023;11;235;13;province_1023;0
1024;56;56;136;province_1024;0
1025;101;133;3;province_1025;0
1026;146;210;126;province_1026;0
1027;191;31;249;province_1027;0
1028;236;108;116;province_1028;0
1029;25;185;239;province_1029;0
1030;70;6;106;province_1030;0
1031;115;83;229;province_1031;0
1032;160;160;96;province_1032;0
1033;205;237;219;province_1033;0
1034;250;58;86;province_1034;0
1035;39;135;209;province_1035;0
1036;84;212;76;province_1036;0
1037;129;33;199;province_1037;0
1038;174;110;66;province_1038;0
1039;219;187;189;province_1039;0
1040;8;8;56;province_1040;0
1041;53;85;179;province_1041;0
1042;98;162;46;province_1042;0
1043;143;239;169;province_1043;0
1044;188;60;36;province_1044;0
1045;233;137;159;province_1045;0
1046;22;214;26;province_1046;0
1047;67;35;149;province_1047;0
1048;112;112;16;province_1048;0
1049;157;189;139;province_1049;0
1050;202;10;6;province_1050;0
1051;247;87;129;province_1051;0
1052;36;164;252;province_1052;0
1053;81;241;119;province_1053;0
1054;126;62;242;province_1054;0
1055;171;139;109;province_1055;0
1056;216;216;232;province_1056;0
1057;5;37;99;province_1057;0
1058;50;114;222;province_1058;0
1059;95;191;89;province_1059;0
1060;140;12;212;province_1060;0
1061;185;89;79;province_1061;0
1062;230;166;202;province_1062;0
1063;19;243;69;province_1063;0
1064;64;64;192;province_1064;0
1065;109;141;59;province_1065;0
1066;154;218;182;province_1066;0
1067;199;39;49;province_1067;0
1068;244;116;172;province_1068;0
1069;33;193;39;province_1069;0
1070;78;14;162;province_1070;0
1071;123;91;29;province_1071;0
1072;168;168;152;province_1072;0
1073;213;245;19;province_1073;0
1074;2;66;142;province_1074;0
1075;47;143;9;province_1075;0
1076;92;220;132;province_1076;0
1077;137;41;255;province_1077;0
1078;182;118;122;province_1078;0
1079;227;195;245;province_1079;0
1080;16;16;112;province_1080;0
1081;61;93;235;province_1081;0
1082;106;170;102;province_1082;0
1083;151;247;225;province_1083;0
1084;196;68;92;province_1084;0
1085;241;145;215;province_1085;0
1086;30;222;82;province_1086;0
1087;75;43;205;province_1087;0
1088;120;120;72;province_1088;0
1089;165;197;195;province_1089;0
1090;210;18;62;province_1090;0
1091;255;95;185;province_1091;0
1092;44;172;52;province_1092;0
1093;89;249;175;province_1093;0
1094;134;70;42;province_1094;0
1095;179;147;165;province_1095;0
1096;224;224;32;province_1096;0
1097;13;45;155;province_1097;0
1098;58;122;22;province_1098;0
1099;103;199;145;province_1099;0
1100;148;20;12;province_1100;0
1101;193;97;135;province_1101;0
1102;238;174;2;province_1102;0
1103;27;251;125;province_1103;0
1104;72;72;248;province_1104;0
1105;117;149;115;province_1105;0
1106;162;226;238;province_1106;0
1107;207;47;105;province_1107;0
1108;252;124;228;province_1108;0
1109;41;201;95;province_1109;0
1110;86;22;218;province_1110;0
1111;131;99;85;province_1111;0
1112;176;176;208;province_1112;0
1113;221;253;75;province_1113;0
1114;10;74;198;province_1114;0
1115;55;151;65;province_1115;0
1116;100;228;188;province_1116;0
1117;145;49;55;province_1117;0
1118;190;126;178;province_1118;0
1119;235;203;45;province_1119;0
1120;24;24;168;province_1120;0
1121;69;101;35;province_1121;0
1122;114;178;158;province_1122;0
1123;159;255;25;province_1123;0
1124;204;76;148;province_1124;0
1125;249;153;15;province_1125;0
1126;38;230;138;province_1126;0
1127;83;51;5;province_1127;0
1128;128;128;128;province_1128;0
1129;173;205;251;province_1129;0
1130;218;26;118;province_1130;0
1131;7;103;241;province_1131;0
1132;52;180;108;province_1132;0
1133;97;1;231;province_1133;0
1134;142;78;98;province_1134;0
1135;187;155;221;province_1135;0
1136;232;232;88;province_1136;0
1137;21;53;211;province_1137;0
1138;66;130;78;province_1138;0
1139;111;207;201;province_1139;0
1140;156;28;68;province_1140;0
1141;201;105;191;province_1141;0
1142;246;182;58;province_1142;0
1143;35;3;181;province_1143;0
1144;80;80;48;province_1144;0
1145;125;157;171;province_1145;0
1146;170;234;38;province_1146;0
1147;215;55;161;province_1147;0
1148;4;132;28;province_1148;0
1149;49;209;151;province_1149;0
1150;94;30;18;province_1150;0
1151;139;107;141;province_1151;0
1152;184;184;8;province_1152;0
1153;229;5;131;province_1153;0
1154;18;82;254;province_1154;0
1155;63;159;121;province_1155;0
1156;108;236;244;province_1156;0
1157;153;57;111;province_1157;0
1158;198;134;234;province_1158;0
1159;243;211;101;province_1159;0
1160;32;32;224;province_1160;0
1161;77;109;91;province_1161;0
1162;122;186;214;province_1162;0
1163;167;7;81;province_1163;0
1164;212;84;204;province_1164;0
1165;1;161;71;province_1165;0
1166;46;238;194;province_1166;0
1167;91;59;61;province_1167;0
1168;136;136;184;province_1168;0
1169;181;213;51;province_1169;0
1170;226;34;174;province_1170;0
1171;15;111;41;province_1171;0
1172;60;188;164;province_1172;0
1173;105;9;31;province_1173;0
1174;150;86;154;province_1174;0
1175;195;163;21;province_1175;0
1176;240;240;144;province_1176;0
1177;29;61;11;province_1177;0
1178;74;138;134;province_1178;0
1179;119;215;1;province_1179;0
1180;164;36;124;province_1180;0
1181;209;113;247;province_1181;0
1182;254;190;114;province_1182;0
1183;43;11;237;province_1183;0
1184;88;88;104;province_1184;0
1185;133;165;227;province_1185;0
1186;178;242;94;province_1186;0
1187;223;63;217;province_1187;0
1188;12;140;84;province_1188;0
1189;57;217;207;province_1189;0
1190;102;38;74;province_1190;0
1191;147;115;197;province_1191;0
1192;192;192;64;province_1192;0
1193;237;13;187;province_1193;0
1194;26;90;54;province_1194;0
1195;71;167;177;province_1195;0
1196;116;244;44;province_1196;0
1197;161;65;167;province_1197;0
1198;206;142;34;province_1198;0
1199;251;219;157;province_1199;0
1200;40;40;24;province_1200;0
1201;85;117;147;province_1201;0
1202;130;194;14;province_1202;0
1203;175;15;137;province_1203;0
1204;220;92;4;province_1204;0
1205;9;169;127;province_1205;0
1206;54;246;250;province_1206;0
1207;99;67;117;province_1207;0
1208;144;144;240;province_1208;0
1209;189;221;107;province_1209;0
1210;234;42;230;province_1210;0
1211;23;119;97;province_1211;0
1212;68;196;220;province_1212;0
1213;113;17;87;province_1213;0
1214;158;94;210;province_1214;0
1215;203;171;77;province_1215;0
1216;248;248;200;province_1216;0
1217;37;69;67;province_1217;0
1218;82;146;190;province_1218;0
1219;127;223;57;province_1219;0
1220;172;44;180;province_1220;0
1221;217;121;47;province_1221;0
1222;6;198;170;province_1222;0
1223;51;19;37;province_1223;0
1224;96;96;160;province_1224;0
1225;141;173;27;province_1225;0
1226;186;250;150;province_1226;0
1227;231;71;17;province_1227;0
1228;20;148;140;province_1228;0
1229;65;225;7;province_1229;0
1230;110;46;130;province_1230;0
1231;155;123;253;province_1231;0
1232;200;200;120;province_1232;0
1233;245;21;243;province_1233;0
1234;34;98;110;province_1234;0
1235;79;175;233;province_1235;0
1236;124;252;100;province_1236;0
1237;169;73;223;province_1237;0
1238;214;150;90;province_1238;0
1239;3;227;213;province_1239;0
1240;48;48;80;province_1240;0
1241;93;125;203;province_1241;0
1242;138;202;70;province_1242;0
1243;183;23;193;province_1243;0
1244;228;100;60;province_1244;0
1245;17;177;183;province_1245;0
1246;62;254;50;province_1246;0
1247;107;75;173;province_1247;0
1248;152;152;40;province_1248;0
1249;197;229;163;province_1249;0
1250;242;50;30;province_1250;0
1251;31;127;153;province_1251;0
1252;76;204;20;province_1252;0
1253;121;25;143;province_1253;0
1254;166;102;10;province_1254;0
1255;211;179;133;province_1255;0
1256;0;0;0;province_1256;0
1257;46;78;124;province_1257;0
1258;91;155;247;province_1258;0
1259;136;232;114;province_1259;0
1260;181;53;237;province_1260;0
1261;226;130;104;province_1261;0
1262;15;207;227;province_1262;0
1263;60;28;94;province_1263;0
1264;105;105;217;province_1264;0
1265;150;182;84;province_1265;0
1266;195;3;207;province_1266;0
1267;240;80;74;province_1267;0
1268;29;157;197;province_1268;0
1269;74;234;64;province_1269;0
1270;119;55;187;province_1270;0
1271;164;132;54;province_1271;0
1272;209;209;177;province_1272;0
1273;254;30;44;province_1273;0
1274;43;107;167;province_1274;0
1275;88;184;34;province_1275;0
1276;133;5;157;province_1276;0
1277;178;82;24;province_1277;0
1278;223;159;147;province_1278;0
1279;12;236;14;province_1279;0
1280;57;57;137;province_1280;0
1281;102;134;4;province_1281;0
1282;147;211;127;province_1282;0
1283;192;32;250;province_1283;0
1284;237;109;117;province_1284;0
1285;26;186;240;province_1285;0
1286;71;7;107;province_1286;0
1287;116;84;230;province_1287;0
1288;161;161;97;province_1288;0
1289;206;238;220;province_1289;0
1290;251;59;87;province_1290;0
1291;40;136;210;province_1291;0
1292;85;213;77;province_1292;0
1293;130;34;200;province_1293;0
1294;175;111;67;province_1294;0
1295;220;188;190;province_1295;0
1296;9;9;57;province_1296;0
1297;54;86;180;province_1297;0
1298;99;163;47;province_1298;0
1299;144;240;170;province_1299;0
1300;189;61;37;province_1300;0
1301;234;138;160;province_1301;0
1302;23;215;27;province_1302;0
1303;68;36;150;province_1303;0
1304;113;113;17;province_1304;0
1305;158;190;140;province_1305;0
1306;203;11;7;province_1306;0
1307;248;88;130;province_1307;0
1308;37;165;253;province_1308;0
1309;82;242;120;province_1309;0
1310;127;63;243;province_1310;0
1311;172;140;110;province_1311;0
1312;217;217;233;province_1312;0
1313;6;38;100;province_1313;0
1314;51;115;223;province_1314;0
1315;96;192;90;province_1315;0
1316;141;13;213;province_1316;0
1317;186;90;80;province_1317;0
1318;231;167;203;province_1318;0
1319;20;244;70;province_1319;0
1320;65;65;193;province_1320;0
1321;110;142;60;province_1321;0
1322;155;219;183;province_1322;0
1323;200;40;50;province_1323;0
1324;245;117;173;province_1324;0
1325;34;194;40;province_1325;0
1326;79;15;163;province_1326;0
1327;124;92;30;province_1327;0
1328;169;169;153;province_1328;0
1329;214;246;20;province_1329;0
1330;3;67;143;province_1330;0
1331;48;144;10;province_1331;0
1332;93;221;133;province_1332;0
1333;138;42;0;province_1333;0
1334;183;119;123;province_1334;0
1335;228;196;246;province_1335;0
1336;17;17;113;province_1336;0
1337;62;94;236;province_1337;0
1338;107;171;103;province_1338;0
1339;152;248;226;province_1339;0
1340;197;69;93;province_1340;0
1341;242;146;216;province_1341;0
1342;31;223;83;province_1342;0
1343;76;44;206;province_1343;0
1344;121;121;73;province_1344;0
1345;166;198;196;province_1345;0
1346;211;19;63;province_1346;0
1347;0;96;186;province_1347;0
1348;45;173;53;province_1348;0
1349;90;250;176;province_1349;0
1350;135;71;43;province_1350;0
1351;180;148;166;province_1351;0
1352;225;225;33;province_1352;0
1353;14;46;156;province_1353;0
1354;59;123;23;province_1354;0
1355;104;200;146;province_1355;0
1356;149;21;13;province_1356;0
1357;194;98;136;province_1357;0
1358;239;175;3;province_1358;0
1359;28;252;126;province_1359;0
1360;73;73;249;province_1360;0
1361;118;150;116;province_1361;0
1362;163;227;239;province_1362;0
1363;208;48;106;province_1363;0
1364;253;125;229;province_1364;0
1365;42;202;96;province_1365;0
1366;87;23;219;province_1366;0
1367;132;100;86;province_1367;0
1368;177;177;209;province_1368;0
1369;222;254;76;province_1369;0
1370;11;75;199;province_1370;0
1371;56;152;66;province_1371;0
1372;101;229;189;province_1372;0
1373;146;50;56;province_1373;0
1374;191;127;179;province_1374;0
1375;236;204;46;province_1375;0
1376;25;25;169;province_1376;0
1377;70;102;36;province_1377;0
1378;115;179;159;province_1378;0
1379;160;0;26;province_1379;0
1380;205;77;149;province_1380;0
1381;250;154;16;province_1381;0
1382;39;231;139;province_1382;0
1383;84;52;6;province_1383;0
1384;129;129;129;province_1384;0
1385;174;206;252;province_1385;0
1386;219;27;119;province_1386;0
1387;8;104;242;province_1387;0
1388;53;181;109;province_1388;0
1389;98;2;232;province_1389;0
1390;143;79;99;province_1390;0
1391;188;156;222;province_1391;0
1392;233;233;89;province_1392;0
1393;22;54;212;province_1393;0
1394;67;131;79;province_1394;0
1395;112;208;202;province_1395;0
1396;157;29;69;province_1396;0
1397;202;106;192;province_1397;0
1398;247;183;59;province_1398;0
1399;36;4;182;province_1399;0
1400;81;81;49;province_1400;0
1401;126;158;172;province_1401;0
1402;171;235;39;province_1402;0
1403;216;56;162;province_1403;0
1404;5;133;29;province_1404;0
1405;50;210;152;province_1405;0
1406;95;31;19;province_1406;0
1407;140;108;142;province_1407;0
1408;185;185;9;province_1408;0
1409;230;6;132;province_1409;0
1410;19;83;255;province_1410;0
1411;64;160;122;province_1411;0
1412;109;237;245;province_1412;0
1413;154;58;112;province_1413;0
1414;199;135;235;province_1414;0
1415;244;212;102;province_1415;0
1416;33;33;225;province_1416;0
1417;78;110;92;province_1417;0
1418;123;187;215;province_1418;0
1419;168;8;82;province_1419;0
1420;213;85;205;province_1420;0
1421;2;162;72;province_1421;0
1422;47;239;195;province_1422;0
1423;92;60;62;province_1423;0
1424;137;137;185;province_1424;0
1425;182;214;52;province_1425;0
1426;227;35;175;province_1426;0
1427;16;112;42;province_1427;0
1428;61;189;165;province_1428;0
1429;106;10;32;province_1429;0
1430;151;87;155;province_1430;0
1431;196;164;22;province_1431;0
1432;241;241;145;province_1432;0
1433;30;62;12;province_1433;0
1434;75;139;135;province_1434;0
1435;120;216;2;province_1435;0
1436;165;37;125;province_1436;0
1437;210;114;248;province_1437;0
1438;255;191;115;province_1438;0
1439;44;12;238;province_1439;0
1440;89;89;105;province_1440;0
1441;134;166;228;province_1441;0
1442;179;243;95;province_1442;0
1443;224;64;218;province_1443;0
1444;13;141;85;province_1444;0
1445;58;218;208;province_1445;0
1446;103;39;75;province_1446;0
1447;148;116;198;province_1447;0
1448;193;193;65;province_1448;0
1449;238;14;188;province_1449;0
1450;27;91;55;province_1450;0
1451;72;168;178;province_1451;0
1452;117;245;45;province_1452;0
1453;162;66;168;province_1453;0
1454;207;143;35;province_1454;0
1455;252;220;158;province_1455;0
1456;41;41;25;province_1456;0
1457;86;118;148;province_1457;0
1458;131;195;15;province_1458;0
1459;176;16;138;province_1459;0
1460;221;93;5;province_1460;0
1461;10;170;128;province_1461;0
1462;55;247;251;province_1462;0
1463;100;68;118;province_1463;0
1464;145;145;241;province_1464;0
1465;190;222;108;province_1465;0
1466;235;43;231;province_1466;0
1467;24;120;98;province_1467;0
1468;69;197;221;province_1468;0
1469;114;18;88;province_1469;0
1470;159;95;211;province_1470;0
1471;204;172;78;province_1471;0
1472;249;249;201;province_1472;0
1473;38;70;68;province_1473;0
1474;83;147;191;province_1474;0
1475;128;224;58;province_1475;0
1476;173;45;181;province_1476;0
1477;218;122;48;province_1477;0
1478;7;199;171;province_1478;0
1479;52;20;38;province_1479;0
1480;97;97;161;province_1480;0
1481;142;174;28;province_1481;0
1482;187;251;151;province_1482;0
1483;232;72;18;province_1483;0
1484;21;149;141;province_1484;0
1485;66;226;8;province_1485;0
1486;111;47;131;province_1486;0
1487;156;124;254;province_1487;0
1488;201;201;121;province_1488;0
1489;246;22;244;province_1489;0
1490;35;99;111;province_1490;0
1491;80;176;234;province_1491;0
1492;125;253;101;province_1492;0
1493;170;74;224;province_1493;0
1494;215;151;91;province_1494;0
1495;4;228;214;province_1495;0
1496;49;49;81;province_1496;0
1497;94;126;204;province_1497;0
1498;139;203;71;province_1498;0
1499;184;24;194;province_1499;0
1500;229;101;61;province_1500;0
1501;18;178;184;province_1501;0
1502;63;255;51;province_1502;0
1503;108;76;174;province_1503;0
1504;153;153;41;province_1504;0
1505;198;230;164;province_1505;0
1506;243;51;31;province_1506;0
1507;32;128;154;province_1507;0
1508;77;205;21;province_1508;0
1509;122;26;144;province_1509;0
1510;167;103;11;province_1510;0
1511;212;180;134;province_1511;0
1512;1;1;1;province_1512;0
1513;47;79;125;province_1513;0
1514;92;156;248;province_1514;0
1515;137;233;115;province_1515;0
1516;182;54;238;province_1516;0
1517;227;131;105;province_1517;0
1518;16;208;228;province_1518;0
1519;61;29;95;province_1519;0
1520;106;106;218;province_1520;0
1521;151;183;85;province_1521;0
1522;196;4;208;province_1522;0
1523;241;81;75;province_1523;0
1524;30;158;198;province_1524;0
1525;75;235;65;province_1525;0
1526;120;56;188;province_1526;0
1527;165;133;55;province_1527;0
1528;210;210;178;province_1528;0
1529;255;31;45;province_1529;0
1530;44;108;168;province_1530;0
1531;89;185;35;province_1531;0
1532;134;6;158;province_1532;0
1533;179;83;25;province_1533;0
1534;224;160;148;province_1534;0
1535;13;237;15;province_1535;0
1536;58;58;138;province_1536;0
1537;103;135;5;province_1537;0
1538;148;212;128;province_1538;0
1539;193;33;251;province_1539;0
1540;238;110;118;province_1540;0
1541;27;187;241;province_1541;0
1542;72;8;108;province_1542;0
1543;117;85;231;province_1543;0
1544;162;162;98;province_1544;0
1545;207;239;221;province_1545;0
1546;252;60;88;province_1546;0
1547;41;137;211;province_1547;0
1548;86;214;78;province_1548;0
1549;131;35;201;province_1549;0
1550;176;112;68;province_1550;0
1551;221;189;191;province_1551;0
1552;10;10;58;province_1552;0
1553;55;87;181;province_1553;0
1554;100;164;48;province_1554;0
1555;145;241;171;province_1555;0
1556;190;62;38;province_1556;0
1557;235;139;161;province_1557;0
1558;24;216;28;province_1558;0
1559;69;37;151;province_1559;0
1560;114;114;18;province_1560;0
1561;159;191;141;province_1561;0
1562;204;12;8;province_1562;0
1563;249;89;131;province_1563;0
1564;38;166;254;province_1564;0
1565;83;243;121;province_1565;0
1566;128;64;244;province_1566;0
1567;173;141;111;province_1567;0
1568;218;218;234;province_1568;0
1569;7;39;101;province_1569;0
1570;52;116;224;province_1570;0
1571;97;193;91;province_1571;0
1572;142;14;214;province_1572;0
1573;187;91;81;province_1573;0
1574;232;168;204;province_1574;0
1575;21;245;71;province_1575;0
1576;66;66;194;province_1576;0
1577;111;143;61;province_1577;0
1578;156;220;184;province_1578;0
1579;201;41;51;province_1579;0
1580;246;118;174;province_1580;0
1581;35;195;41;province_1581;0
1582;80;16;164;province_1582;0
1583;125;93;31;province_1583;0
1584;170;170;154;province_1584;0
1585;215;247;21;province_1585;0
1586;4;68;144;province_1586;0
1587;49;145;11;province_1587;0
1588;94;222;134;province_1588;0
1589;139;43;1;province_1589;0
1590;184;120;124;province_1590;0
1591;229;197;247;province_1591;0
1592;18;18;114;province_1592;0
1593;63;95;237;province_1593;0
1594;108;172;104;province_1594;0
1595;153;249;227;province_1595;0
1596;198;70;94;province_1596;0
1597;243;147;217;province_1597;0
1598;32;224;84;province_1598;0
1599;77;45;207;province_1599;0
1600;122;122;74;province_1600;0
1601;167;199;197;province_1601;0
1602;212;20;64;province_1602;0
1603;1;97;187;province_1603;0
1604;46;174;54;province_1604;0
1605;91;251;177;province_1605;0
1606;136;72;44;province_1606;0
1607;181;149;167;province_1607;0
1608;226;226;34;province_1608;0
1609;15;47;157;province_1609;0
1610;60;124;24;province_1610;0
1611;105;201;147;province_1611;0
1612;150;22;14;province_1612;0
1613;195;99;137;province_1613;0
1614;240;176;4;province_1614;0
1615;29;253;127;province_1615;0
1616;74;74;250;province_1616;0
1617;119;151;117;province_1617;0
1618;164;228;240;province_1618;0
1619;209;49;107;province_1619;0
1620;254;126;230;province_1620;0
1621;43;203;97;province_1621;0
1622;88;24;220;province_1622;0
1623;133;101;87;province_1623;0
1624;178;178;210;province_1624;0
1625;223;255;77;province_1625;0
1626;12;76;200;province_1626;0
1627;57;153;67;province_1627;0
1628;102;230;190;province_1628;0
1629;147;51;57;province_1629;0
1630;192;128;180;province_1630;0
1631;237;205;47;province_1631;0
1632;26;26;170;province_1632;0
1633;71;103;37;province_1633;0
1634;116;180;160;province_1634;0
1635;161;1;27;province_1635;0
1636;206;78;150;province_1636;0
1637;251;155;17;province_1637;0
1638;40;232;140;province_1638;0
1639;85;53;7;province_1639;0
1640;130;130;130;province_1640;0
1641;175;207;253;province_1641;0
1642;220;28;120;province_1642;0
1643;9;105;243;province_1643;0
1644;54;182;110;province_1644;0
1645;99;3;233;province_1645;0
1646;144;80;100;province_1646;0
1647;189;157;223;province_1647;0
1648;234;234;90;province_1648;0
1649;23;55;213;province_1649;0
1650;68;132;80;province_1650;0
1651;113;209;203;province_1651;0
1652;158;30;70;province_1652;0
1653;203;107;193;province_1653;0
1654;248;184;60;province_1654;0
1655;37;5;183;province_1655;0
1656;82;82;50;province_1656;0
1657;127;159;173;province_1657;0
1658;172;236;40;province_1658;0
1659;217;57;163;province_1659;0
1660;6;134;30;province_1660;0
1661;51;211;153;province_1661;0
1662;96;32;20;province_1662;0
1663;141;109;143;province_1663;0
1664;186;186;10;province_1664;0
1665;231;7;133;province_1665;0
1666;20;84;0;province_1666;0
1667;65;161;123;province_1667;0
1668;110;238;246;province_1668;0
1669;155;59;113;province_1669;0
1670;200;136;236;province_1670;0
1671;245;213;103;province_1671;0
1672;34;34;226;province_1672;0
1673;79;111;93;province_1673;0
1674;124;188;216;province_1674;0
1675;169;9;83;province_1675;0
1676;214;86;206;province_1676;0
1677;3;163;73;province_1677;0
1678;48;240;196;province_1678;0
1679;93;61;63;province_1679;0
1680;138;138;186;province_1680;0
1681;183;215;53;province_1681;0
1682;228;36;176;province_1682;0
1683;17;113;43;province_1683;0
1684;62;190;166;province_1684;0
1685;107;11;33;province_1685;0
1686;152;88;156;province_1686;0
1687;197;165;23;province_1687;0
1688;242;242;146;province_1688;0
1689;31;63;13;province_1689;0
1690;76;140;136;province_1690;0
1691;121;217;3;province_1691;0
1692;166;38;126;province_1692;0
1693;211;115;249;province_1693;0
1694;0;192;116;province_1694;0
1695;45;13;239;province_1695;0
1696;90;90;106;province_1696;0
1697;135;167;229;province_1697;0
1698;180;244;96;province_1698;0
1699;225;65;219;province_1699;0
1700;14;142;86;province_1700;0
1701;59;219;209;province_1701;0
1702;104;40;76;province_1702;0
1703;149;117;199;province_1703;0
1704;194;194;66;province_1704;0
1705;239;15;189;province_1705;0
1706;28;92;56;province_1706;0
1707;73;169;179;province_1707;0
1708;118;246;46;province_1708;0
1709;163;67;169;province_1709;0
1710;208;144;36;province_1710;0
1711;253;221;159;province_1711;0
1712;42;42;26;province_1712;0
1713;87;119;149;province_1713;0
1714;132;196;16;province_1714;0
1715;177;17;139;province_1715;0
1716;222;94;6;province_1716;0
1717;11;171;129;province_1717;0
1718;56;248;252;province_1718;0
1719;101;69;119;province_1719;0
1720;146;146;242;province_1720;0
1721;191;223;109;province_1721;0
1722;236;44;232;province_1722;0
1723;25;121;99;province_1723;0
1724;70;198;222;province_1724;0
1725;115;19;89;province_1725;0
1726;160;96;212;province_1726;0
1727;205;173;79;province_1727;0
1728;250;250;202;province_1728;0
1729;39;71;69;province_1729;0
1730;84;148;192;province_1730;0
1731;129;225;59;province_1731;0
1732;174;46;182;province_1732;0
1733;219;123;49;province_1733;0
1734;8;200;172;province_1734;0
1735;53;21;39;province_1735;0
1736;98;98;162;province_1736;0
1737;143;175;29;province_1737;0
1738;188;252;152;province_1738;0
1739;233;73;19;province_1739;0
1740;22;150;142;province_1740;0
1741;67;227;9;province_1741;0
1742;112;48;132;province_1742;0
1743;157;125;255;province_1743;0
1744;202;202;122;province_1744;0
1745;247;23;245;province_1745;0
1746;36;100;112;province_1746;0
1747;81;177;235;province_1747;0
1748;126;254;102;province_1748;0
1749;171;75;225;province_1749;0
1750;216;152;92;province_1750;0
1751;5;229;215;province_1751;0
1752;50;50;82;province_1752;0
1753;95;127;205;province_1753;0
1754;140;204;72;province_1754;0
1755;185;25;195;province_1755;0
1756;230;102;62;province_1756;0
1757;19;179;185;province_1757;0
1758;64;0;52;province_1758;0
1759;109;77;175;province_1759;0
1760;154;154;42;province_1760;0
1761;199;231;165;province_1761;0
1762;244;52;32;province_1762;0
1763;33;129;155;province_1763;0
1764;78;206;22;province_1764;0
1765;123;27;145;province_1765;0
1766;168;104;12;province_1766;0
1767;213;181;135;province_1767;0
1768;2;2;2;province_1768;0
1769;48;80;126;province_1769;0
1770;93;157;249;province_1770;0
1771;138;234;116;province_1771;0
1772;183;55;239;province_1772;0
1773;228;132;106;province_1773;0
1774;17;209;229;province_1774;0
1775;62;30;96;province_1775;0
1776;107;107;219;province_1776;0
1777;152;184;86;province_1777;0
1778;197;5;209;province_1778;0
1779;242;82;76;province_1779;0
1780;31;159;199;province_1780;0
1781;76;236;66;province_1781;0
1782;121;57;189;province_1782;0
1783;166;134;56;province_1783;0
1784;211;211;179;province_1784;0
1785;0;32;46;province_1785;0
1786;45;109;169;province_1786;0
1787;90;186;36;province_1787;0
1788;135;7;159;province_1788;0
1789;180;84;26;province_1789;0
1790;225;161;149;province_1790;0
1791;14;238;16;province_1791;0
1792;59;59;139;province_1792;0
1793;104;136;6;province_1793;0
1794;149;213;129;province_1794;0
1795;194;34;252;province_1795;0
1796;239;111;119;province_1796;0
1797;28;188;242;province_1797;0
1798;73;9;109;province_1798;0
1799;118;86;232;province_1799;0
1800;163;163;99;province_1800;0
1801;208;240;222;province_1801;0
1802;253;61;89;province_1802;0
1803;42;138;212;province_1803;0
1804;87;215;79;province_1804;0
1805;132;36;202;province_1805;0
1806;177;113;69;province_1806;0
1807;222;190;192;province_1807;0
1808;11;11;59;province_1808;0
1809;56;88;182;province_1809;0
1810;101;165;49;province_1810;0
1811;146;242;172;province_1811;0
1812;191;63;39;province_1812;0
1813;236;140;162;province_1813;0
1814;25;217;29;province_1814;0
1815;70;38;152;province_1815;0
1816;115;115;19;province_1816;0
1817;160;192;142;province_1817;0
1818;205;13;9;province_1818;0
1819;250;90;132;province_1819;0
1820;39;167;255;province_1820;0
1821;84;244;122;province_1821;0
1822;129;65;245;province_1822;0
1823;174;142;112;province_1823;0
1824;219;219;235;province_1824;0
1825;8;40;102;province_1825;0
1826;53;117;225;province_1826;0
1827;98;194;92;province_1827;0
1828;143;15;215;province_1828;0
1829;188;92;82;province_1829;0
1830;233;169;205;province_1830;0
1831;22;246;72;province_1831;0
1832;67;67;195;province_1832;0
1833;112;144;62;province_1833;0
1834;157;221;185;province_1834;0
1835;202;42;52;province_1835;0
1836;247;119;175;province_1836;0
1837;36;196;42;province_1837;0
1838;81;17;165;province_1838;0
1839;126;94;32;province_1839;0
1840;171;171;155;province_1840;0
1841;216;248;22;province_1841;0
1842;5;69;145;province_1842;0
1843;50;146;12;province_1843;0
1844;95;223;135;province_1844;0
1845;140;44;2;province_1845;0
1846;185;121;125;province_1846;0
1847;230;198;248;province_1847;0
1848;19;19;115;province_1848;0
1849;64;96;238;province_1849;0
1850;109;173;105;province_1850;0
1851;154;250;228;province_1851;0
1852;199;71;95;province_1852;0
1853;244;148;218;province_1853;0
1854;33;225;85;province_1854;0
1855;78;46;208;province_1855;0
1856;123;123;75;province_1856;0
1857;168;200;198;province_1857;0
1858;213;21;65;province_1858;0
1859;2;98;188;province_1859;0
1860;47;175;55;province_1860;0
1861;92;252;178;province_1861;0
1862;137;73;45;province_1862;0
1863;182;150;168;province_1863;0
1864;227;227;35;province_1864;0
1865;16;48;158;province_1865;0
1866;61;125;25;province_1866;0
1867;106;202;148;province_1867;0
1868;151;23;15;province_1868;0
1869;196;100;138;province_1869;0
1870;241;177;5;province_1870;0
1871;30;254;128;province_1871;0
1872;75;75;251;province_1872;0
1873;120;152;118;province_1873;0
1874;165;229;241;province_1874;0
1875;210;50;108;province_1875;0
1876;255;127;231;province_1876;0
1877;44;204;98;province_1877;0
1878;89;25;221;province_1878;0
1879;134;102;88;province_1879;0
1880;179;179;211;province_1880;0
1881;224;0;78;province_1881;0
1882;13;77;201;province_1882;0
1883;58;154;68;province_1883;0
1884;103;231;191;province_1884;0
1885;148;52;58;province_1885;0
1886;193;129;181;province_1886;0
1887;238;206;48;province_1887;0
1888;27;27;171;province_1888;0
1889;72;104;38;province_1889;0
1890;117;181;161;province_1890;0
1891;162;2;28;province_1891;0
1892;207;79;151;province_1892;0
1893;252;156;18;province_1893;0
1894;41;233;141;province_1894;0
1895;86;54;8;province_1895;0
1896;131;131;131;province_1896;0
1897;176;208;254;province_1897;0
1898;221;29;121;province_1898;0
1899;10;106;244;province_1899;0
1900;55;183;111;province_1900;0
1901;100;4;234;province_1901;0
1902;145;81;101;province_1902;0
1903;190;158;224;province_1903;0
1904;235;235;91;province_1904;0
1905;24;56;214;province_1905;0
1906;69;133;81;province_1906;0
1907;114;210;204;province_1907;0
1908;159;31;71;province_1908;0
1909;204;108;194;province_1909;0
1910;249;185;61;province_1910;0
1911;38;6;184;province_1911;0
1912;83;83;51;province_1912;0
1913;128;160;174;province_1913;0
1914;173;237;41;province_1914;0
1915;218;58;164;province_1915;0
1916;7;135;31;province_1916;0
1917;52;212;154;province_1917;0
1918;97;33;21;province_1918;0
1919;142;110;144;province_1919;0
1920;187;187;11;province_1920;0
1921;232;8;134;province_1921;0
1922;21;85;1;province_1922;0
1923;66;162;124;province_1923;0
1924;111;239;247;province_1924;0
1925;156;60;114;province_1925;0
1926;201;137;237;province_1926;0
1927;246;214;104;province_1927;0
1928;35;35;227;province_1928;0
1929;80;112;94;province_1929;0
1930;125;189;217;province_1930;0
1931;170;10;84;province_1931;0
1932;215;87;207;province_1932;0
1933;4;164;74;province_1933;0
1934;49;241;197;province_1934;0
1935;94;62;64;province_1935;0
1936;139;139;187;province_1936;0
1937;184;216;54;province_1937;0
1938;229;37;177;province_1938;0
1939;18;114;44;province_1939;0
1940;63;191;167;province_1940;0
1941;108;12;34;province_1941;0
1942;153;89;157;province_1942;0
1943;198;166;24;province_1943;0
1944;243;243;147;province_1944;0
1945;32;64;14;province_1945;0
1946;77;141;137;province_1946;0
1947;122;218;4;province_1947;0
1948;167;39;127;province_1948;0
1949;212;116;250;province_1949;0
1950;1;193;117;province_1950;0
1951;46;14;240;province_1951;0
1952;91;91;107;province_1952;0
1953;136;168;230;province_1953;0
1954;181;245;97;province_1954;0
1955;226;66;220;province_1955;0
1956;15;143;87;province_1956;0
1957;60;220;210;province_1957;0
1958;105;41;77;province_1958;0
1959;150;118;200;province_1959;0
1960;195;195;67;province_1960;0
1961;240;16;190;province_1961;0
1962;29;93;57;province_1962;0
1963;74;170;180;province_1963;0
1964;119;247;47;province_1964;0
1965;164;68;170;province_1965;0
1966;209;145;37;province_1966;0
1967;254;222;160;province_1967;0
1968;43;43;27;province_1968;0
1969;88;120;150;province_1969;0
1970;133;197;17;province_1970;0
1971;178;18;140;province_1971;0
1972;223;95;7;province_1972;0
1973;12;172;130;province_1973;0
1974;57;249;253;province_1974;0
1975;102;70;120;province_1975;0
1976;147;147;243;province_1976;0
1977;192;224;110;province_1977;0
1978;237;45;233;province_1978;0
1979;26;122;100;province_1979;0
1980;71;199;223;province_1980;0
1981;116;20;90;province_1981;0
1982;161;97;213;province_1982;0
1983;206;174;80;province_1983;0
1984;251;251;203;province_1984;0
1985;40;72;70;province_1985;0
1986;85;149;193;province_1986;0
1987;130;226;60;province_1987;0
1988;175;47;183;province_1988;0
1989;220;124;50;province_1989;0
1990;9;201;173;province_1990;0
1991;54;22;40;province_1991;0
1992;99;99;163;province_1992;0
1993;144;176;30;province_1993;0
1994;189;253;153;province_1994;0
1995;234;74;20;province_1995;0
1996;23;151;143;province_1996;0
1997;68;228;10;province_1997;0
1998;113;49;133;province_1998;0
1999;158;126;0;province_1999;0
2000;203;203;123;province_2000;0
2001;248;24;246;province_2001;0
2002;37;101;113;province_2002;0
2003;82;178;236;province_2003;0
2004;127;255;103;province_2004;0
2005;172;76;226;province_2005;0
2006;217;153;93;province_2006;0
2007;6;230;216;province_2007;0
2008;51;51;83;province_2008;0
2009;96;128;206;province_2009;0
2010;141;205;73;province_2010;0
2011;186;26;196;province_2011;0
2012;231;103;63;province_2012;0
2013;20;180;186;province_2013;0
2014;65;1;53;province_2014;0
2015;110;78;176;province_2015;0
2016;155;155;43;province_2016;0
2017;200;232;166;province_2017;0
2018;245;53;33;province_2018;0
2019;34;130;156;province_2019;0
2020;79;207;23;province_2020;0
2021;124;28;146;province_2021;0
2022;169;105;13;province_2022;0
2023;214;182;136;province_2023;0
2024;3;3;3;province_2024;0
2025;49;81;127;province_2025;0
2026;94;158;250;province_2026;0
2027;139;235;117;province_2027;0
2028;184;56;240;province_2028;0
2029;229;133;107;province_2029;0
2030;18;210;230;province_2030;0
2031;63;31;97;province_2031;0
2032;108;108;220;province_2032;0
2033;153;185;87;province_2033;0
2034;198;6;210;province_2034;0
2035;243;83;77;province_2035;0
2036;32;160;200;province_2036;0
2037;77;237;67;province_2037;0
2038;122;58;190;province_2038;0
2039;167;135;57;province_2039;0
2040;212;212;180;province_2040;0
2041;1;33;47;province_2041;0
2042;46;110;170;province_2042;0
2043;91;187;37;province_2043;0
2044;136;8;160;province_2044;0
2045;181;85;27;province_2045;0
2046;226;162;150;province_2046;0
2047;15;239;17;province_2047;0
2048;60;60;140;province_2048;0
2049;105;137;7;province_2049;0
2050;150;214;130;province_2050;0
2051;195;35;253;province_2051;0
2052;240;112;120;province_2052;0
2053;29;189;243;province_2053;0
2054;74;10;110;province_2054;0
2055;119;87;233;province_2055;0
2056;164;164;100;province_2056;0
2057;209;241;223;province_2057;0
2058;254;62;90;province_2058;0
2059;43;139;213;province_2059;0
2060;88;216;80;province_2060;0
2061;133;37;203;province_2061;0
2062;178;114;70;province_2062;0
2063;223;191;193;province_2063;0
2064;12;12;60;province_2064;0
2065;57;89;183;province_2065;0
2066;102;166;50;province_2066;0
2067;147;243;173;province_2067;0
2068;192;64;40;province_2068;0
2069;237;141;163;province_2069;0
2070;26;218;30;province_2070;0
2071;71;39;153;province_2071;0
2072;116;116;20;province_2072;0
2073;161;193;143;province_2073;0
2074;206;14;10;province_2074;0
2075;251;91;133;province_2075;0
2076;40;168;0;province_2076;0
2077;85;245;123;province_2077;0
2078;130;66;246;province_2078;0
2079;175;143;113;province_2079;0
2080;220;220;236;province_2080;0
2081;9;41;103;province_2081;0
2082;54;118;226;province_2082;0
2083;99;195;93;province_2083;0
2084;144;16;216;province_2084;0
2085;189;93;83;province_2085;0
2086;234;170;206;province_2086;0
2087;23;247;73;province_2087;0
2088;68;68;196;province_2088;0
2089;113;145;63;province_2089;0
2090;158;222;186;province_2090;0
2091;203;43;53;province_2091;0
2092;248;120;176;province_2092;0
2093;37;197;43;province_2093;0
2094;82;18;166;province_2094;0
2095;127;95;33;province_2095;0
2096;172;172;156;province_2096;0
2097;217;249;23;province_2097;0
2098;6;70;146;province_2098;0
2099;51;147;13;province_2099;0
2100;96;224;136;province_2100;0
2101;141;45;3;province_2101;0
2102;186;122;126;province_2102;0
2103;231;199;249;province_2103;0
2104;20;20;116;province_2104;0
2105;65;97;239;province_2105;0
2106;110;174;106;province_2106;0
2107;155;251;229;province_2107;0
2108;200;72;96;province_2108;0
2109;245;149;219;province_2109;0
2110;34;226;86;province_2110;0
2111;79;47;209;province_2111;0
2112;124;124;76;province_2112;0
2113;169;201;199;province_2113;0
2114;214;22;66;province_2114;0
2115;3;99;189;province_2115;0
2116;48;176;56;province_2116;0
2117;93;253;179;province_2117;0
2118;138;74;46;province_2118;0
2119;183;151;169;province_2119;0
2120;228;228;36;province_2120;0
2121;17;49;159;province_2121;0
2122;62;126;26;province_2122;0
2123;107;203;149;province_2123;0
2124;152;24;16;province_2124;0
2125;197;101;139;province_2125;0
2126;242;178;6;province_2126;0
2127;31;255;129;province_2127;0
2128;76;76;252;province_2128;0
2129;121;153;119;province_2129;0
2130;166;230;242;province_2130;0
2131;211;51;109;province_2131;0
2132;0;128;232;province_2132;0
2133;45;205;99;province_2133;0
2134;90;26;222;province_2134;0
2135;135;103;89;province_2135;0
2136;180;180;212;province_2136;0
2137;225;1;79;province_2137;0
2138;14;78;202;province_2138;0
2139;59;155;69;province_2139;0
2140;104;232;192;province_2140;0
2141;149;53;59;province_2141;0
2142;194;130;182;province_2142;0
2143;239;207;49;province_2143;0
2144;28;28;172;province_2144;0
2145;73;105;39;province_2145;0
2146;118;182;162;province_2146;0
2147;163;3;29;province_2147;0
2148;208;80;152;province_2148;0
2149;253;157;19;province_2149;0
2150;42;234;142;province_2150;0
2151;87;55;9;province_2151;0
2152;132;132;132;province_2152;0
2153;177;209;255;province_2153;0
2154;222;30;122;province_2154;0
2155;11;107;245;province_2155;0
2156;56;184;112;province_2156;0
2157;101;5;235;province_2157;0
2158;146;82;102;province_2158;0
2159;191;159;225;province_2159;0
2160;236;236;92;province_2160;0
2161;25;57;215;province_2161;0
2162;70;134;82;province_2162;0
2163;115;211;205;province_2163;0
2164;160;32;72;province_2164;0
2165;205;109;195;province_2165;0
2166;250;186;62;province_2166;0
2167;39;7;185;province_2167;0
2168;84;84;52;province_2168;0
2169;129;161;175;province_2169;0
2170;174;238;42;province_2170;0
2171;219;59;165;province_2171;0
2172;8;136;32;province_2172;0
2173;53;213;155;province_2173;0
2174;98;34;22;province_2174;0
2175;143;111;145;province_2175;0
2176;188;188;12;province_2176;0
2177;233;9;135;province_2177;0
2178;22;86;2;province_2178;0
2179;67;163;125;province_2179;0
2180;112;240;248;province_2180;0
2181;157;61;115;province_2181;0
2182;202;138;238;province_2182;0
2183;247;215;105;province_2183;0
2184;36;36;228;province_2184;0
2185;81;113;95;province_2185;0
2186;126;190;218;province_2186;0
2187;171;11;85;province_2187;0
2188;216;88;208;province_2188;0
2189;5;165;75;province_2189;0
2190;50;242;198;province_2190;0
2191;95;63;65;province_2191;0
2192;140;140;188;province_2192;0
2193;185;217;55;province_2193;0
2194;230;38;178;province_2194;0
2195;19;115;45;province_2195;0
2196;64;192;168;province_2196;0
2197;109;13;35;province_2197;0
2198;154;90;158;province_2198;0
2199;199;167;25;province_2199;0
2200;244;244;148;province_2200;0
2201;33;65;15;province_2201;0
2202;78;142;138;province_2202;0
2203;123;219;5;province_2203;0
2204;168;40;128;province_2204;0
2205;213;117;251;province_2205;0
2206;2;194;118;province_2206;0
2207;47;15;241;province_2207;0
2208;92;92;108;province_2208;0
2209;137;169;231;province_2209;0
2210;182;246;98;province_2210;0
2211;227;67;221;province_2211;0
2212;16;144;88;province_2212;0
2213;61;221;211;province_2213;0
2214;106;42;78;province_2214;0
2215;151;119;201;province_2215;0
2216;196;196;68;province_2216;0
2217;241;17;191;province_2217;0
2218;30;94;58;province_2218;0
2219;75;171;181;province_2219;0
2220;120;248;48;province_2220;0
2221;165;69;171;province_2221;0
2222;210;146;38;province_2222;0
2223;255;223;161;province_2223;0
2224;44;44;28;province_2224;0
2225;89;121;151;province_2225;0
2226;134;198;18;province_2226;0
2227;179;19;141;province_2227;0
2228;224;96;8;province_2228;0
2229;13;173;131;province_2229;0
2230;58;250;254;province_2230;0
2231;103;71;121;province_2231;0
2232;148;148;244;province_2232;0
2233;193;225;111;province_2233;0
2234;238;46;234;province_2234;0
2235;27;123;101;province_2235;0
2236;72;200;224;province_2236;0
2237;117;21;91;province_2237;0
2238;162;98;214;province_2238;0
2239;207;175;81;province_2239;0
2240;252;252;204;province_2240;0
2241;41;73;71;province_2241;0
2242;86;150;194;province_2242;0
2243;131;227;61;province_2243;0
2244;176;48;184;province_2244;0
2245;221;125;51;province_2245;0
2246;10;202;174;province_2246;0
2247;55;23;41;province_2247;0
2248;100;100;164;province_2248;0
2249;145;177;31;province_2249;0
2250;190;254;154;province_2250;0
2251;235;75;21;province_2251;0
2252;24;152;144;province_2252;0
2253;69;229;11;province_2253;0
2254;114;50;134;province_2254;0
2255;159;127;1;province_2255;0
2256;204;204;124;province_2256;0
2257;249;25;247;province_2257;0
2258;38;102;114;province_2258;0
2259;83;179;237;province_2259;0
2260;128;0;104;province_2260;0
2261;173;77;227;province_2261;0
2262;218;154;94;province_2262;0
2263;7;231;217;province_2263;0
2264;52;52;84;province_2264;0
2265;97;129;207;province_2265;0
2266;142;206;74;province_2266;0
2267;187;27;197;province_2267;0
2268;232;104;64;province_2268;0
2269;21;181;187;province_2269;0
2270;66;2;54;province_2270;0
2271;111;79;177;province_2271;0
2272;156;156;44;province_2272;0
2273;201;233;167;province_2273;0
2274;246;54;34;province_2274;0
2275;35;131;157;province_2275;0
2276;80;208;24;province_2276;0
2277;125;29;147;province_2277;0
2278;170;106;14;province_2278;0
2279;215;183;137;province_2279;0
2280;4;4;4;province_2280;0
2281;50;82;128;province_2281;0
2282;95;159;251;province_2282;0
2283;140;236;118;province_2283;0
2284;185;57;241;province_2284;0
2285;230;134;108;province_2285;0
2286;19;211;231;province_2286;0
2287;64;32;98;province_2287;0
2288;109;109;221;province_2288;0
2289;154;186;88;province_2289;0
2290;199;7;211;province_2290;0
2291;244;84;78;province_2291;0
2292;33;161;201;province_2292;0
2293;78;238;68;province_2293;0
2294;123;59;191;province_2294;0
2295;168;136;58;province_2295;0
2296;213;213;181;province_2296;0
2297;2;34;48;province_2297;0
2298;47;111;171;province_2298;0
2299;92;188;38;province_2299;0
2300;137;9;161;province_2300;0
2301;182;86;28;province_2301;0
2302;227;163;151;province_2302;0
2303;16;240;18;province_2303;0
2304;61;61;141;province_2304;0
2305;106;138;8;province_2305;0
2306;151;215;131;province_2306;0
2307;196;36;254;province_2307;0
2308;241;113;121;province_2308;0
2309;30;190;244;province_2309;0
2310;75;11;111;province_2310;0
2311;120;88;234;province_2311;0
2312;165;165;101;province_2312;0
2313;210;242;224;province_2313;0
2314;255;63;91;province_2314;0
2315;44;140;214;province_2315;0
2316;89;217;81;province_2316;0
2317;134;38;204;province_2317;0
2318;179;115;71;province_2318;0
2319;224;192;194;province_2319;0
2320;13;13;61;province_2320;0
2321;58;90;184;province_2321;0
2322;103;167;51;province_2322;0
2323;148;244;174;province_2323;0
2324;193;65;41;province_2324;0
2325;238;142;164;province_2325;0
2326;27;219;31;province_2326;0
2327;72;40;154;province_2327;0
2328;117;117;21;province_2328;0
2329;162;194;144;province_2329;0
2330;207;15;11;province_2330;0
2331;252;92;134;province_2331;0
2332;41;169;1;province_2332;0
2333;86;246;124;province_2333;0
2334;131;67;247;province_2334;0
2335;176;144;114;province_2335;0
2336;221;221;237;province_2336;0
2337;10;42;104;province_2337;0
2338;55;119;227;province_2338;0
2339;100;196;94;province_2339;0
2340;145;17;217;province_2340;0
2341;190;94;84;province_2341;0
2342;235;171;207;province_2342;0
2343;24;248;74;province_2343;0
2344;69;69;197;province_2344;0
2345;114;146;64;province_2345;0
2346;159;223;187;province_2346;0
2347;204;44;54;province_2347;0
2348;249;121;177;province_2348;0
2349;38;198;44;province_2349;0
2350;83;19;167;province_2350;0
2351;128;96;34;province_2351;0
2352;173;173;157;province_2352;0
2353;218;250;24;province_2353;0
2354;7;71;147;province_2354;0
2355;52;148;14;province_2355;0
2356;97;225;137;province_2356;0
2357;142;46;4;province_2357;0
2358;187;123;127;province_2358;0
2359;232;200;250;province_2359;0
2360;21;21;117;province_2360;0
2361;66;98;240;province_2361;0
2362;111;175;107;province_2362;0
2363;156;252;230;province_2363;0
2364;201;73;97;province_2364;0
2365;246;150;220;province_2365;0
2366;35;227;87;province_2366;0
2367;80;48;210;province_2367;0
2368;125;125;77;province_2368;0
2369;170;202;200;province_2369;0
2370;215;23;67;province_2370;0
2371;4;100;190;province_2371;0
2372;49;177;57;province_2372;0
2373;94;254;180;province_2373;0
2374;139;75;47;province_2374;0
2375;184;152;170;province_2375;0
2376;229;229;37;province_2376;0
2377;18;50;160;province_2377;0
2378;63;127;27;province_2378;0
2379;108;204;150;province_2379;0
2380;153;25;17;province_2380;0
2381;198;102;140;province_2381;0
2382;243;179;7;province_2382;0
2383;32;0;130;province_2383;0
2384;77;77;253;province_2384;0
2385;122;154;120;province_2385;0
2386;167;231;243;province_2386;0
2387;212;52;110;province_2387;0
2388;1;129;233;province_2388;0
2389;46;206;100;province_2389;0
2390;91;27;223;province_2390;0
2391;136;104;90;province_2391;0
2392;181;181;213;province_2392;0
2393;226;2;80;province_2393;0
2394;15;79;203;province_2394;0
2395;60;156;70;province_2395;0
2396;105;233;193;province_2396;0
2397;150;54;60;province_2397;0
2398;195;131;183;province_2398;0
2399;240;208;50;province_2399;0
2400;29;29;173;province_2400;0
2401;74;106;40;province_2401;0
2402;119;183;163;province_2402;0
2403;164;4;30;province_2403;0
2404;209;81;153;province_2404;0
2405;254;158;20;province_2405;0
2406;43;235;143;province_2406;0
2407;88;56;10;province_2407;0
2408;133;133;133;province_2408;0
2409;178;210;0;province_2409;0
2410;223;31;123;province_2410;0
2411;12;108;246;province_2411;0
2412;57;185;113;province_2412;0
2413;102;6;236;province_2413;0
2414;147;83;103;province_2414;0
2415;192;160;226;province_2415;0
2416;237;237;93;province_2416;0
2417;26;58;216;province_2417;0
2418;71;135;83;province_2418;0
2419;116;212;206;province_2419;0
2420;161;33;73;province_2420;0
2421;206;110;196;province_2421;0
2422;251;187;63;province_2422;0
2423;40;8;186;province_2423;0
2424;85;85;53;province_2424;0
2425;130;162;176;province_2425;0
2426;175;239;43;province_2426;0
2427;220;60;166;province_2427;0
2428;9;137;33;province_2428;0
2429;54;214;156;province_2429;0
2430;99;35;23;province_2430;0
2431;144;112;146;province_2431;0
2432;189;189;13;province_2432;0
2433;234;10;136;province_2433;0
2434;23;87;3;province_2434;0
2435;68;164;126;province_2435;0
2436;113;241;249;province_2436;0
2437;158;62;116;province_2437;0
2438;203;139;239;province_2438;0
2439;248;216;106;province_2439;0
2440;37;37;229;province_2440;0
2441;82;114;96;province_2441;0
2442;127;191;219;province_2442;0
2443;172;12;86;province_2443;0
2444;217;89;209;province_2444;0
2445;6;166;76;province_2445;0
2446;51;243;199;province_2446;0
2447;96;64;66;province_2447;0
2448;141;141;189;province_2448;0
2449;186;218;56;province_2449;0
2450;231;39;179;province_2450;0
2451;20;116;46;province_2451;0
2452;65;193;169;province_2452;0
2453;110;14;36;province_2453;0
2454;155;91;159;province_2454;0
2455;200;168;26;province_2455;0
2456;245;245;149;province_2456;0
2457;34;66;16;province_2457;0
2458;79;143;139;province_2458;0
2459;124;220;6;province_2459;0
2460;169;41;129;province_2460;0
2461;214;118;252;province_2461;0
2462;3;195;119;province_2462;0
2463;48;16;242;province_2463;0
2464;93;93;109;province_2464;0
2465;138;170;232;province_2465;0
2466;183;247;99;province_2466;0
2467;228;68;222;province_2467;0
2468;17;145;89;province_2468;0
2469;62;222;212;province_2469;0
2470;107;43;79;province_2470;0
2471;152;120;202;province_2471;0
2472;197;197;69;province_2472;0
2473;242;18;192;province_2473;0
2474;31;95;59;province_2474;0
2475;76;172;182;province_2475;0
2476;121;249;49;province_2476;0
2477;166;70;172;province_2477;0
2478;211;147;39;province_2478;0
2479;0;224;162;province_2479;0
2480;45;45;29;province_2480;0
2481;90;122;152;province_2481;0
2482;135;199;19;province_2482;0
2483;180;20;142;province_2483;0
2484;225;97;9;province_2484;0
2485;14;174;132;province_2485;0
2486;59;251;255;province_2486;0
2487;104;72;122;province_2487;0
2488;149;149;245;province_2488;0
2489;194;226;112;province_2489;0
2490;239;47;235;province_2490;0
2491;28;124;102;province_2491;0
2492;73;201;225;province_2492;0
2493;118;22;92;province_2493;0
2494;163;99;215;province_2494;0
2495;208;176;82;province_2495;0
2496;253;253;205;province_2496;0
2497;42;74;72;province_2497;0
2498;87;151;195;province_2498;0
2499;132;228;62;province_2499;0
2500;177;49;185;province_2500;0
2501;222;126;52;province_2501;0
2502;11;203;175;province_2502;0
2503;56;24;42;province_2503;0
2504;101;101;165;province_2504;0
2505;146;178;32;province_2505;0
2506;191;255;155;province_2506;0
2507;236;76;22;province_2507;0
2508;25;153;145;province_2508;0
2509;70;230;12;province_2509;0
2510;115;51;135;province_2510;0
2511;160;128;2;province_2511;0
2512;205;205;125;province_2512;0
2513;250;26;248;province_2513;0
2514;39;103;115;province_2514;0
2515;84;180;238;province_2515;0
2516;129;1;105;province_2516;0
2517;174;78;228;province_2517;0
2518;219;155;95;province_2518;0
2519;8;232;218;province_2519;0
2520;53;53;85;province_2520;0
2521;98;130;208;province_2521;0
2522;143;207;75;province_2522;0
2523;188;28;198;province_2523;0
2524;233;105;65;province_2524;0
2525;22;182;188;province_2525;0
2526;67;3;55;province_2526;0
2527;112;80;178;province_2527;0
2528;157;157;45;province_2528;0
2529;202;234;168;province_2529;0
2530;247;55;35;province_2530;0
2531;36;132;158;province_2531;0
2532;81;209;25;province_2532;0
2533;126;30;148;province_2533;0
2534;171;107;15;province_2534;0
2535;216;184;138;province_2535;0
2536;5;5;5;province_2536;0
2537;51;83;129;province_2537;0
2538;96;160;252;province_2538;0
2539;141;237;119;province_2539;0
2540;186;58;242;province_2540;0
2541;231;135;109;province_2541;0
2542;20;212;232;province_2542;0
2543;65;33;99;province_2543;0
2544;110;110;222;province_2544;0
2545;155;187;89;province_2545;0
2546;200;8;212;province_2546;0
2547;245;85;79;province_2547;0
2548;34;162;202;province_2548;0
2549;79;239;69;province_2549;0
2550;124;60;192;province_2550;0
2551;169;137;59;province_2551;0
2552;214;214;182;province_2552;0
2553;3;35;49;province_2553;0
2554;48;112;172;province_2554;0
2555;93;189;39;province_2555;0
2556;138;10;162;province_2556;0
2557;183;87;29;province_2557;0
2558;228;164;152;province_2558;0
2559;17;241;19;province_2559;0
2560;62;62;142;province_2560;0
2561;107;139;9;province_2561;0
2562;152;216;132;province_2562;0
2563;197;37;255;province_2563;0
2564;242;114;122;province_2564;0
2565;31;191;245;province_2565;0
2566;76;12;112;province_2566;0
2567;121;89;235;province_2567;0
2568;166;166;102;province_2568;0
2569;211;243;225;province_2569;0
2570;0;64;92;province_2570;0
2571;45;141;215;province_2571;0
2572;90;218;82;province_2572;0
2573;135;39;205;province_2573;0
2574;180;116;72;province_2574;0
2575;225;193;195;province_2575;0
2576;14;14;62;province_2576;0
2577;59;91;185;province_2577;0
2578;104;168;52;province_2578;0
2579;149;245;175;province_2579;0
2580;194;66;42;province_2580;0
2581;239;143;165;province_2581;0
2582;28;220;32;province_2582;0
2583;73;41;155;province_2583;0
2584;118;118;22;province_2584;0
2585;163;195;145;province_2585;0
2586;208;16;12;province_2586;0
2587;253;93;135;province_2587;0
2588;42;170;2;province_2588;0
2589;87;247;125;province_2589;0
2590;132;68;248;province_2590;0
2591;177;145;115;province_2591;0
2592;222;222;238;province_2592;0
2593;11;43;105;province_2593;0
2594;56;120;228;province_2594;0
2595;101;197;95;province_2595;0
2596;146;18;218;province_2596;0
2597;191;95;85;province_2597;0
2598;236;172;208;province_2598;0
2599;25;249;75;province_2599;0
2600;70;70;198;province_2600;0
2601;115;147;65;province_2601;0
2602;160;224;188;province_2602;0
2603;205;45;55;province_2603;0
2604;250;122;178;province_2604;0
2605;39;199;45;province_2605;0
2606;84;20;168;province_2606;0
2607;129;97;35;province_2607;0
2608;174;174;158;province_2608;0
2609;219;251;25;province_2609;0
2610;8;72;148;province_2610;0
2611;53;149;15;province_2611;0
2612;98;226;138;province_2612;0
2613;143;47;5;province_2613;0
2614;188;124;128;province_2614;0
2615;233;201;251;province_2615;0
2616;22;22;118;province_2616;0
2617;67;99;241;province_2617;0
2618;112;176;108;province_2618;0
2619;157;253;231;province_2619;0
2620;202;74;98;province_2620;0
2621;247;151;221;province_2621;0
2622;36;228;88;province_2622;0
2623;81;49;211;province_2623;0
2624;126;126;78;province_2624;0
2625;171;203;201;province_2625;0
2626;216;24;68;province_2626;0
2627;5;101;191;province_2627;0
2628;50;178;58;province_2628;0
2629;95;255;181;province_2629;0
2630;140;76;48;province_2630;0
2631;185;153;171;province_2631;0
2632;230;230;38;province_2632;0
2633;19;51;161;province_2633;0
2634;64;128;28;province_2634;0
2635;109;205;151;province_2635;0
2636;154;26;18;province_2636;0
2637;199;103;141;province_2637;0
2638;244;180;8;province_2638;0
2639;33;1;131;province_2639;0
2640;78;78;254;province_2640;0
2641;123;155;121;province_2641;0
2642;168;232;244;province_2642;0
2643;213;53;111;province_2643;0
2644;2;130;234;province_2644;0
2645;47;207;101;province_2645;0
2646;92;28;224;province_2646;0
2647;137;105;91;province_2647;0
2648;182;182;214;province_2648;0
2649;227;3;81;province_2649;0
2650;16;80;204;province_2650;0
2651;61;157;71;province_2651;0
2652;106;234;194;province_2652;0
2653;151;55;61;province_2653;0
2654;196;132;184;province_2654;0
2655;241;209;51;province_2655;0
2656;30;30;174;province_2656;0
2657;75;107;41;province_2657;0
2658;120;184;164;province_2658;0
2659;165;5;31;province_2659;0
2660;210;82;154;province_2660;0
2661;255;159;21;province_2661;0
2662;44;236;144;province_2662;0
2663;89;57;11;province_2663;0
2664;134;134;134;province_2664;0
2665;179;211;1;province_2665;0
2666;224;32;124;province_2666;0
2667;13;109;247;province_2667;0
2668;58;186;114;province_2668;0
2669;103;7;237;province_2669;0
2670;148;84;104;province_2670;0
2671;193;161;227;province_2671;0
2672;238;238;94;province_2672;0
2673;27;59;217;province_2673;0
2674;72;136;84;province_2674;0
2675;117;213;207;province_2675;0
2676;162;34;74;province_2676;0
2677;207;111;197;province_2677;0
2678;252;188;64;province_2678;0
2679;41;9;187;province_2679;0
2680;86;86;54;province_2680;0
2681;131;163;177;province_2681;0
2682;176;240;44;province_2682;0
2683;221;61;167;province_2683;0
2684;10;138;34;province_2684;0
2685;55;215;157;province_2685;0
2686;100;36;24;province_2686;0
2687;145;113;147;province_2687;0
2688;190;190;14;province_2688;0
2689;235;11;137;province_2689;0
2690;24;88;4;province_2690;0
2691;69;165;127;province_2691;0
2692;114;242;250;province_2692;0
2693;159;63;117;province_2693;0
2694;204;140;240;province_2694;0
2695;249;217;107;province_2695;0
2696;38;38;230;province_2696;0
2697;83;115;97;province_2697;0
2698;128;192;220;province_2698;0
2699;173;13;87;province_2699;0
2700;218;90;210;province_2700;0
2701;7;167;77;province_2701;0
2702;52;244;200;province_2702;0
2703;97;65;67;province_2703;0
2704;142;142;190;province_2704;0
2705;187;219;57;province_2705;0
2706;232;40;180;province_2706;0
2707;21;117;47;province_2707;0
2708;66;194;170;province_2708;0
2709;111;15;37;province_2709;0
2710;156;92;160;province_2710;0
2711;201;169;27;province_2711;0
2712;246;246;150;province_2712;0
2713;35;67;17;province_2713;0
2714;80;144;140;province_2714;0
2715;125;221;7;province_2715;0
2716;170;42;130;province_2716;0
2717;215;119;253;province_2717;0
2718;4;196;120;province_2718;0
2719;49;17;243;province_2719;0
2720;94;94;110;province_2720;0
2721;139;171;233;province_2721;0
2722;184;248;100;province_2722;0
2723;229;69;223;province_2723;0
2724;18;146;90;province_2724;0
2725;63;223;213;province_2725;0
2726;108;44;80;province_2726;0
2727;153;121;203;province_2727;0
2728;198;198;70;province_2728;0
2729;243;19;193;province_2729;0
2730;32;96;60;province_2730;0
2731;77;173;183;province_2731;0
2732;122;250;50;province_2732;0
2733;167;71;173;province_2733;0
2734;212;148;40;province_2734;0
2735;1;225;163;province_2735;0
2736;46;46;30;province_2736;0
2737;91;123;153;province_2737;0
2738;136;200;20;province_2738;0
2739;181;21;143;province_2739;0
2740;226;98;10;province_2740;0
2741;15;175;133;province_2741;0
2742;60;252;0;province_2742;0
2743;105;73;123;province_2743;0
2744;150;150;246;province_2744;0
2745;195;227;113;province_2745;0
2746;240;48;236;province_2746;0
2747;29;125;103;province_2747;0
2748;74;202;226;province_2748;0
2749;119;23;93;province_2749;0
2750;164;100;216;province_2750;0
2751;209;177;83;province_2751;0
2752;254;254;206;province_2752;0
2753;43;75;73;province_2753;0
2754;88;152;196;province_2754;0
2755;133;229;63;province_2755;0
2756;178;50;186;province_2756;0
2757;223;127;53;province_2757;0
2758;12;204;176;province_2758;0
2759;57;25;43;province_2759;0
2760;102;102;166;province_2760;0
2761;147;179;33;province_2761;0
2762;192;0;156;province_2762;0
2763;237;77;23;province_2763;0
2764;26;154;146;province_2764;0
2765;71;231;13;province_2765;0
2766;116;52;136;province_2766;0
2767;161;129;3;province_2767;0
2768;206;206;126;province_2768;0
2769;251;27;249;province_2769;0
2770;40;104;116;province_2770;0
2771;85;181;239;province_2771;0
2772;130;2;106;province_2772;0
2773;175;79;229;province_2773;0
2774;220;156;96;province_2774;0
2775;9;233;219;province_2775;0
2776;54;54;86;province_2776;0
2777;99;131;209;province_2777;0
2778;144;208;76;province_2778;0
2779;189;29;199;province_2779;0
2780;234;106;66;province_2780;0
2781;23;183;189;province_2781;0
2782;68;4;56;province_2782;0
2783;113;81;179;province_2783;0
2784;158;158;46;province_2784;0
2785;203;235;169;province_2785;0
2786;248;56;36;province_2786;0
2787;37;133;159;province_2787;0
2788;82;210;26;province_2788;0
2789;127;31;149;province_2789;0
2790;172;108;16;province_2790;0
2791;217;185;139;province_2791;0
2792;6;6;6;province_2792;0
2793;52;84;130;province_2793;0
2794;97;161;253;province_2794;0
2795;142;238;120;province_2795;0
2796;187;59;243;province_2796;0
2797;232;136;110;province_2797;0
2798;21;213;233;province_2798;0
2799;66;34;100;province_2799;0
2800;111;111;223;province_2800;0
2801;156;188;90;province_2801;0
2802;201;9;213;province_2802;0
2803;246;86;80;province_2803;0
2804;35;163;203;province_2804;0
2805;80;240;70;province_2805;0
2806;125;61;193;province_2806;0
2807;170;138;60;province_2807;0
2808;215;215;183;province_2808;0
2809;4;36;50;province_2809;0
2810;49;113;173;province_2810;0
2811;94;190;40;province_2811;0
2812;139;11;163;province_2812;0
2813;184;88;30;province_2813;0
2814;229;165;153;province_2814;0
2815;18;242;20;province_2815;0
2816;63;63;143;province_2816;0
2817;108;140;10;province_2817;0
2818;153;217;133;province_2818;0
2819;198;38;0;province_2819;0
2820;243;115;123;province_2820;0
2821;32;192;246;province_2821;0
2822;77;13;113;province_2822;0
2823;122;90;236;province_2823;0
2824;167;167;103;province_2824;0
2825;212;244;226;province_2825;0
2826;1;65;93;province_2826;0
2827;46;142;216;province_2827;0
2828;91;219;83;province_2828;0
2829;136;40;206;province_2829;0
2830;181;117;73;province_2830;0
2831;226;194;196;province_2831;0
2832;15;15;63;province_2832;0
2833;60;92;186;province_2833;0
2834;105;169;53;province_2834;0
2835;150;246;176;province_2835;0
2836;195;67;43;province_2836;0
2837;240;144;166;province_2837;0
2838;29;221;33;province_2838;0
2839;74;42;156;province_2839;0
2840;119;119;23;province_2840;0
2841;164;196;146;province_2841;0
2842;209;17;13;province_2842;0
2843;254;94;136;province_2843;0
2844;43;171;3;province_2844;0
2845;88;248;126;province_2845;0
2846;133;69;249;province_2846;0
2847;178;146;116;province_2847;0
2848;223;223;239;province_2848;0
2849;12;44;106;province_2849;0
2850;57;121;229;province_2850;0
2851;102;198;96;province_2851;0
2852;147;19;219;province_2852;0
2853;192;96;86;province_2853;0
2854;237;173;209;province_2854;0
2855;26;250;76;province_2855;0
2856;71;71;199;province_2856;0
2857;116;148;66;province_2857;0
2858;161;225;189;province_2858;0
2859;206;46;56;province_2859;0
2860;251;123;179;province_2860;0
2861;40;200;46;province_2861;0
2862;85;21;169;province_2862;0
2863;130;98;36;province_2863;0
2864;175;175;159;province_2864;0
2865;220;252;26;province_2865;0
2866;9;73;149;province_2866;0
2867;54;150;16;province_2867;0
2868;99;227;139;province_2868;0
2869;144;48;6;province_2869;0
2870;189;125;129;province_2870;0
2871;234;202;252;province_2871;0
2872;23;23;119;province_2872;0
2873;68;100;242;province_2873;0
2874;113;177;109;province_2874;0
2875;158;254;232;province_2875;0
2876;203;75;99;province_2876;0
2877;248;152;222;province_2877;0
2878;37;229;89;province_2878;0
2879;82;50;212;province_2879;0
2880;127;127;79;province_2880;0
2881;172;204;202;province_2881;0
2882;217;25;69;province_2882;0
2883;6;102;192;province_2883;0
2884;51;179;59;province_2884;0
2885;96;0;182;province_2885;0
2886;141;77;49;province_2886;0
2887;186;154;172;province_2887;0
2888;231;231;39;province_2888;0
2889;20;52;162;province_2889;0
2890;65;129;29;province_2890;0
2891;110;206;152;province_2891;0
2892;155;27;19;province_2892;0
2893;200;104;142;province_2893;0
2894;245;181;9;province_2894;0
2895;34;2;132;province_2895;0
2896;79;79;255;province_2896;0
2897;124;156;122;province_2897;0
2898;169;233;245;province_2898;0
2899;214;54;112;province_2899;0
2900;3;131;235;province_2900;0
2901;48;208;102;province_2901;0
2902;93;29;225;province_2902;0
2903;138;106;92;province_2903;0
2904;183;183;215;province_2904;0
2905;228;4;82;province_2905;0
2906;17;81;205;province_2906;0
2907;62;158;72;province_2907;0
2908;107;235;195;province_2908;0
2909;152;56;62;province_2909;0
2910;197;133;185;province_2910;0
2911;242;210;52;province_2911;0
2912;31;31;175;province_2912;0
2913;76;108;42;province_2913;0
2914;121;185;165;province_2914;0
2915;166;6;32;province_2915;0
2916;211;83;155;province_2916;0
2917;0;160;22;province_2917;0
2918;45;237;145;province_2918;0
2919;90;58;12;province_2919;0
2920;135;135;135;province_2920;0
2921;180;212;2;province_2921;0
2922;225;33;125;province_2922;0
2923;14;110;248;province_2923;0
2924;59;187;115;province_2924;0
2925;104;8;238;province_2925;0
2926;149;85;105;province_2926;0
2927;194;162;228;province_2927;0
2928;239;239;95;province_2928;0
2929;28;60;218;province_2929;0
2930;73;137;85;province_2930;0
2931;118;214;208;province_2931;0
2932;163;35;75;province_2932;0
2933;208;112;198;province_2933;0
2934;253;189;65;province_2934;0
2935;42;10;188;province_2935;0
2936;87;87;55;province_2936;0
2937;132;164;178;province_2937;0
2938;177;241;45;province_2938;0
2939;222;62;168;province_2939;0
2940;11;139;35;province_2940;0
2941;56;216;158;province_2941;0
2942;101;37;25;province_2942;0
2943;146;114;148;province_2943;0
2944;191;191;15;province_2944;0
2945;236;12;138;province_2945;0
2946;25;89;5;province_2946;0
2947;70;166;128;province_2947;0
2948;115;243;251;province_2948;0
2949;160;64;118;province_2949;0
2950;205;141;241;province_2950;0
2951;250;218;108;province_2951;0
2952;39;39;231;province_2952;0
2953;84;116;98;province_2953;0
2954;129;193;221;province_2954;0
2955;174;14;88;province_2955;0
2956;219;91;211;province_2956;0
2957;8;168;78;province_2957;0
2958;53;245;201;province_2958;0
2959;98;66;68;province_2959;0
2960;143;143;191;province_2960;0
2961;188;220;58;province_2961;0
2962;233;41;181;province_2962;0
2963;22;118;48;province_2963;0
2964;67;195;171;province_2964;0
2965;112;16;38;province_2965;0
2966;157;93;161;province_2966;0
2967;202;170;28;province_2967;0
2968;247;247;151;province_2968;0
2969;36;68;18;province_2969;0
2970;81;145;141;province_2970;0
2971;126;222;8;province_2971;0
2972;171;43;131;province_2972;0
2973;216;120;254;province_2973;0
2974;5;197;121;province_2974;0
2975;50;18;244;province_2975;0
2976;95;95;111;province_2976;0
2977;140;172;234;province_2977;0
2978;185;249;101;province_2978;0
2979;230;70;224;province_2979;0
2980;19;147;91;province_2980;0
2981;64;224;214;province_2981;0
2982;109;45;81;province_2982;0
2983;154;122;204;province_2983;0
2984;199;199;71;province_2984;0
2985;244;20;194;province_2985;0
2986;33;97;61;province_2986;0
2987;78;174;184;province_2987;0
2988;123;251;51;province_2988;0
2989;168;72;174;province_2989;0
2990;213;149;41;province_2990;0
2991;2;226;164;province_2991;0
2992;47;47;31;province_2992;0
2993;92;124;154;province_2993;0
2994;137;201;21;province_2994;0
2995;182;22;144;province_2995;0
2996;227;99;11;province_2996;0
2997;16;176;134;province_2997;0
2998;61;253;1;province_2998;0
2999;106;74;124;province_2999;0
3000;151;151;247;province_3000;0
3001;196;228;114;province_3001;0
3002;241;49;237;province_3002;0
3003;30;126;104;province_3003;0
3004;75;203;227;province_3004;0
3005;120;24;94;province_3005;0
3006;165;101;217;province_3006;0
3007;210;178;84;province_3007;0
3008;255;255;207;province_3008;0
3009;44;76;74;province_3009;0
3010;89;153;197;province_3010;0
3011;134;230;64;province_3011;0
3012;179;51;187;province_3012;0
3013;224;128;54;province_3013;0
3014;13;205;177;province_3014;0
3015;58;26;44;province_3015;0
3016;103;103;167;province_3016;0
3017;148;180;34;province_3017;0
3018;193;1;157;province_3018;0
3019;238;78;24;province_3019;0
3020;27;155;147;province_3020;0
3021;72;232;14;province_3021;0
3022;117;53;137;province_3022;0
3023;162;130;4;province_3023;0
3024;207;207;127;province_3024;0
3025;252;28;250;province_3025;0
3026;41;105;117;province_3026;0
3027;86;182;240;province_3027;0
3028;131;3;107;province_3028;0
3029;176;80;230;province_3029;0
3030;221;157;97;province_3030;0
3031;10;234;220;province_3031;0
3032;55;55;87;province_3032;0
3033;100;132;210;province_3033;0
3034;145;209;77;province_3034;0
3035;190;30;200;province_3035;0
3036;235;107;67;province_3036;0
3037;24;184;190;province_3037;0
3038;69;5;57;province_3038;0
3039;114;82;180;province_3039;0
3040;159;159;47;province_3040;0
3041;204;236;170;province_3041;0
3042;249;57;37;province_3042;0
3043;38;134;160;province_3043;0
3044;83;211;27;province_3044;0
3045;128;32;150;province_3045;0
3046;173;109;17;province_3046;0
3047;218;186;140;province_3047;0
3048;7;7;7;province_3048;0
3049;53;85;131;province_3049;0
3050;98;162;254;province_3050;0
3051;143;239;121;province_3051;0
3052;188;60;244;province_3052;0
3053;233;137;111;province_3053;0
3054;22;214;234;province_3054;0
3055;67;35;101;province_3055;0
3056;112;112;224;province_3056;0
3057;157;189;91;province_3057;0
3058;202;10;214;province_3058;0
3059;247;87;81;province_3059;0
3060;36;164;204;province_3060;0
3061;81;241;71;province_3061;0
3062;126;62;194;province_3062;0
3063;171;139;61;province_3063;0
3064;216;216;184;province_3064;0
3065;5;37;51;province_3065;0
3066;50;114;174;province_3066;0
3067;95;191;41;province_3067;0
3068;140;12;164;province_3068;0
3069;185;89;31;province_3069;0
3070;230;166;154;province_3070;0
3071;19;243;21;province_3071;0
3072;64;64;144;province_3072;0
3073;109;141;11;province_3073;0
3074;154;218;134;province_3074;0
3075;199;39;1;province_3075;0
3076;244;116;124;province_3076;0
3077;33;193;247;province_3077;0
3078;78;14;114;province_3078;0
3079;123;91;237;province_3079;0
3080;168;168;104;province_3080;0
3081;213;245;227;province_3081;0
3082;2;66;94;province_3082;0
3083;47;143;217;province_3083;0
3084;92;220;84;province_3084;0
3085;137;41;207;province_3085;0
3086;182;118;74;province_3086;0
3087;227;195;197;province_3087;0
3088;16;16;64;province_3088;0
3089;61;93;187;province_3089;0
3090;106;170;54;province_3090;0
3091;151;247;177;province_3091;0
3092;196;68;44;province_3092;0
3093;241;145;167;province_3093;0
3094;30;222;34;province_3094;0
3095;75;43;157;province_3095;0
3096;120;120;24;province_3096;0
3097;165;197;147;province_3097;0
3098;210;18;14;province_3098;0
3099;255;95;137;province_3099;0
3100;44;172;4;province_3100;0
3101;89;249;127;province_3101;0
3102;134;70;250;province_3102;0
3103;179;147;117;province_3103;0
3104;224;224;240;province_3104;0
3105;13;45;107;province_3105;0
3106;58;122;230;province_3106;0
3107;103;199;97;province_3107;0
3108;148;20;220;province_3108;0
3109;193;97;87;province_3109;0
3110;238;174;210;province_3110;0
3111;27;251;77;province_3111;0
3112;72;72;200;province_3112;0
3113;117;149;67;province_3113;0
3114;162;226;190;province_3114;0
3115;207;47;57;province_3115;0
3116;252;124;180;province_3116;0
3117;41;201;47;province_3117;0
3118;86;22;170;province_3118;0
3119;131;99;37;province_3119;0
3120;176;176;160;province_3120;0
3121;221;253;27;province_3121;0
3122;10;74;150;province_3122;0
3123;55;151;17;province_3123;0
3124;100;228;140;province_3124;0
3125;145;49;7;province_3125;0
3126;190;126;130;province_3126;0
3127;235;203;253;province_3127;0
3128;24;24;120;province_3128;0
3129;69;101;243;province_3129;0
3130;114;178;110;province_3130;0
3131;159;255;233;province_3131;0
3132;204;76;100;province_3132;0
3133;249;153;223;province_3133;0
3134;38;230;90;province_3134;0
3135;83;51;213;province_3135;0
3136;128;128;80;province_3136;0
3137;173;205;203;province_3137;0
3138;218;26;70;province_3138;0
3139;7;103;193;province_3139;0
3140;52;180;60;province_3140;0
3141;97;1;183;province_3141;0
3142;142;78;50;province_3142;0
3143;187;155;173;province_3143;0
3144;232;232;40;province_3144;0
3145;21;53;163;province_3145;0
3146;66;130;30;province_3146;0
3147;111;207;153;province_3147;0
3148;156;28;20;province_3148;0
3149;201;105;143;province_3149;0
3150;246;182;10;province_3150;0
3151;35;3;133;province_3151;0
3152;80;80;0;province_3152;0
3153;125;157;123;province_3153;0
3154;170;234;246;province_3154;0
3155;215;55;113;province_3155;0
3156;4;132;236;province_3156;0
3157;49;209;103;province_3157;0
3158;94;30;226;province_3158;0
3159;139;107;93;province_3159;0
3160;184;184;216;province_3160;0
3161;229;5;83;province_3161;0
3162;18;82;206;province_3162;0
3163;63;159;73;province_3163;0
3164;108;236;196;province_3164;0
3165;153;57;63;province_3165;0
3166;198;134;186;province_3166;0
3167;243;211;53;province_3167;0
3168;32;32;176;province_3168;0
3169;77;109;43;province_3169;0
3170;122;186;166;province_3170;0
3171;167;7;33;province_3171;0
3172;212;84;156;province_3172;0
3173;1;161;23;province_3173;0
3174;46;238;146;province_3174;0
3175;91;59;13;province_3175;0
3176;136;136;136;province_3176;0
3177;181;213;3;province_3177;0
3178;226;34;126;province_3178;0
3179;15;111;249;province_3179;0
3180;60;188;116;province_3180;0
3181;105;9;239;province_3181;0
3182;150;86;106;province_3182;0
3183;195;163;229;province_3183;0
3184;240;240;96;province_3184;0
3185;29;61;219;province_3185;0
3186;74;138;86;province_3186;0
3187;119;215;209;province_3187;0
3188;164;36;76;province_3188;0
3189;209;113;199;province_3189;0
3190;254;190;66;province_3190;0
3191;43;11;189;province_3191;0
3192;88;88;56;province_3192;0
3193;133;165;179;province_3193;0
3194;178;242;46;province_3194;0
3195;223;63;169;province_3195;0
3196;12;140;36;province_3196;0
3197;57;217;159;province_3197;0
3198;102;38;26;province_3198;0
3199;147;115;149;province_3199;0
3200;192;192;16;province_3200;0
3201;237;13;139;province_3201;0
3202;26;90;6;province_3202;0
3203;71;167;129;province_3203;0
3204;116;244;252;province_3204;0
3205;161;65;119;province_3205;0
3206;206;142;242;province_3206;0
3207;251;219;109;province_3207;0
3208;40;40;232;province_3208;0
3209;85;117;99;province_3209;0
3210;130;194;222;province_3210;0
3211;175;15;89;province_3211;0
3212;220;92;212;province_3212;0
3213;9;169;79;province_3213;0
3214;54;246;202;province_3214;0
3215;99;67;69;province_3215;0
3216;144;144;192;province_3216;0
3217;189;221;59;province_3217;0
3218;234;42;182;province_3218;0
3219;23;119;49;province_3219;0
3220;68;196;172;province_3220;0
3221;113;17;39;province_3221;0
3222;158;94;162;province_3222;0
3223;203;171;29;province_3223;0
3224;248;248;152;province_3224;0
3225;37;69;19;province_3225;0
3226;82;146;142;province_3226;0
3227;127;223;9;province_3227;0
3228;172;44;132;province_3228;0
3229;217;121;255;province_3229;0
3230;6;198;122;province_3230;0
3231;51;19;245;province_3231;0
3232;96;96;112;province_3232;0
3233;141;173;235;province_3233;0
3234;186;250;102;province_3234;0
3235;231;71;225;province_3235;0
3236;20;148;92;province_3236;0
3237;65;225;215;province_3237;0
3238;110;46;82;province_3238;0
3239;155;123;205;province_3239;0
3240;200;200;72;province_3240;0
3241;245;21;195;province_3241;0
3242;34;98;62;province_3242;0
3243;79;175;185;province_3243;0
3244;124;252;52;province_3244;0
3245;169;73;175;province_3245;0
3246;214;150;42;province_3246;0
3247;3;227;165;province_3247;0
3248;48;48;32;province_3248;0
3249;93;125;155;province_3249;0
3250;138;202;22;province_3250;0
3251;183;23;145;province_3251;0
3252;228;100;12;province_3252;0
3253;17;177;135;province_3253;0
3254;62;254;2;province_3254;0
3255;107;75;125;province_3255;0
3256;152;152;248;province_3256;0
3257;197;229;115;province_3257;0
3258;242;50;238;province_3258;0
3259;31;127;105;province_3259;0
3260;76;204;228;province_3260;0
3261;121;25;95;province_3261;0
3262;166;102;218;province_3262;0
3263;211;179;85;province_3263;0
3264;0;0;208;province_3264;0
3265;45;77;75;province_3265;0
3266;90;154;198;province_3266;0
3267;135;231;65;province_3267;0
3268;180;52;188;province_3268;0
3269;225;129;55;province_3269;0
3270;14;206;178;province_3270;0
3271;59;27;45;province_3271;0
3272;104;104;168;province_3272;0
3273;149;181;35;province_3273;0
3274;194;2;158;province_3274;0
3275;239;79;25;province_3275;0
3276;28;156;148;province_3276;0
3277;73;233;15;province_3277;0
3278;118;54;138;province_3278;0
3279;163;131;5;province_3279;0
3280;208;208;128;province_3280;0
3281;253;29;251;province_3281;0
3282;42;106;118;province_3282;0
3283;87;183;241;province_3283;0
3284;132;4;108;province_3284;0
3285;177;81;231;province_3285;0
3286;222;158;98;province_3286;0
3287;11;235;221;province_3287;0
3288;56;56;88;province_3288;0
3289;101;133;211;province_3289;0
3290;146;210;78;province_3290;0
3291;191;31;201;province_3291;0
3292;236;108;68;province_3292;0
3293;25;185;191;province_3293;0
3294;70;6;58;province_3294;0
3295;115;83;181;province_3295;0
3296;160;160;48;province_3296;0
3297;205;237;171;province_3297;0
3298;250;58;38;province_3298;0
3299;39;135;161;province_3299;0
3300;84;212;28;province_3300;0
3301;129;33;151;province_3301;0
3302;174;110;18;province_3302;0
3303;219;187;141;province_3303;0
3304;8;8;8;province_3304;0
3305;54;86;132;province_3305;0
3306;99;163;255;province_3306;0
3307;144;240;122;province_3307;0
3308;189;61;245;province_3308;0
3309;234;138;112;province_3309;0
3310;23;215;235;province_3310;0
3311;68;36;102;province_3311;0
3312;113;113;225;province_3312;0
3313;158;190;92;province_3313;0
3314;203;11;215;province_3314;0
3315;248;88;82;province_3315;0
3316;37;165;205;province_3316;0
3317;82;242;72;province_3317;0
3318;127;63;195;province_3318;0
3319;172;140;62;province_3319;0
3320;217;217;185;province_3320;0
3321;6;38;52;province_3321;0
3322;51;115;175;province_3322;0
3323;96;192;42;province_3323;0
3324;141;13;165;province_3324;0
3325;186;90;32;province_3325;0
3326;231;167;155;province_3326;0
3327;20;244;22;province_3327;0
3328;65;65;145;province_3328;0
3329;110;142;12;province_3329;0
3330;155;219;135;province_3330;0
3331;200;40;2;province_3331;0
3332;245;117;125;province_3332;0
3333;34;194;248;province_3333;0
3334;79;15;115;province_3334;0
3335;124;92;238;province_3335;0
3336;169;169;105;province_3336;0
3337;214;246;228;province_3337;0
3338;3;67;95;province_3338;0
3339;48;144;218;province_3339;0
3340;93;221;85;province_3340;0
3341;138;42;208;province_3341;0
3342;183;119;75;province_3342;0
3343;228;196;198;province_3343;0
3344;17;17;65;province_3344;0
3345;62;94;188;province_3345;0
3346;107;171;55;province_3346;0
3347;152;248;178;province_3347;0
3348;197;69;45;province_3348;0
3349;242;146;168;province_3349;0
3350;31;223;35;province_3350;0
3351;76;44;158;province_3351;0
3352;121;121;25;province_3352;0
3353;166;198;148;province_3353;0
3354;211;19;15;province_3354;0
3355;0;96;138;province_3355;0
3356;45;173;5;province_3356;0
3357;90;250;128;province_3357;0
3358;135;71;251;province_3358;0
3359;180;148;118;province_3359;0
3360;225;225;241;province_3360;0
3361;14;46;108;province_3361;0
3362;59;123;231;province_3362;0
3363;104;200;98;province_3363;0
3364;149;21;221;province_3364;0
3365;194;98;88;province_3365;0
3366;239;175;211;province_3366;0
3367;28;252;78;province_3367;0
3368;73;73;201;province_3368;0
3369;118;150;68;province_3369;0
3370;163;227;191;province_3370;0
3371;208;48;58;province_3371;0
3372;253;125;181;province_3372;0
3373;42;202;48;province_3373;0
3374;87;23;171;province_3374;0
3375;132;100;38;province_3375;0
3376;177;177;161;province_3376;0
3377;222;254;28;province_3377;0
3378;11;75;151;province_3378;0
3379;56;152;18;province_3379;0
3380;101;229;141;province_3380;0
3381;146;50;8;province_3381;0
3382;191;127;131;province_3382;0
3383;236;204;254;province_3383;0
3384;25;25;121;province_3384;0
3385;70;102;244;province_3385;0
3386;115;179;111;province_3386;0
3387;160;0;234;province_3387;0
3388;205;77;101;province_3388;0
3389;250;154;224;province_3389;0
3390;39;231;91;province_3390;0
3391;84;52;214;province_3391;0
3392;129;129;81;province_3392;0
3393;174;206;204;province_3393;0
3394;219;27;71;province_3394;0
3395;8;104;194;province_3395;0
3396;53;181;61;province_3396;0
3397;98;2;184;province_3397;0
3398;143;79;51;province_3398;0
3399;188;156;174;province_3399;0
3400;233;233;41;province_3400;0
3401;22;54;164;province_3401;0
3402;67;131;31;province_3402;0
3403;112;208;154;province_3403;0
3404;157;29;21;province_3404;0
3405;202;106;144;province_3405;0
3406;247;183;11;province_3406;0
3407;36;4;134;province_3407;0
3408;81;81;1;province_3408;0
3409;126;158;124;province_3409;0
3410;171;235;247;province_3410;0
3411;216;56;114;province_3411;0
3412;5;133;237;province_3412;0
3413;50;210;104;province_3413;0
3414;95;31;227;province_3414;0
3415;140;108;94;province_3415;0
3416;185;185;217;province_3416;0
3417;230;6;84;province_3417;0
3418;19;83;207;province_3418;0
3419;64;160;74;province_3419;0
3420;109;237;197;province_3420;0
3421;154;58;64;province_3421;0
3422;199;135;187;province_3422;0
3423;244;212;54;province_3423;0
3424;33;33;177;province_3424;0
3425;78;110;44;province_3425;0
3426;123;187;167;province_3426;0
3427;168;8;34;province_3427;0
3428;213;85;157;province_3428;0
3429;2;162;24;province_3429;0
3430;47;239;147;province_3430;0
3431;92;60;14;province_3431;0
3432;137;137;137;province_3432;0
3433;182;214;4;province_3433;0
3434;227;35;127;province_3434;0
3435;16;112;250;province_3435;0
3436;61;189;117;province_3436;0
3437;106;10;240;province_3437;0
3438;151;87;107;province_3438;0
3439;196;164;230;province_3439;0
3440;241;241;97;province_3440;0
3441;30;62;220;province_3441;0
3442;75;139;87;province_3442;0
3443;120;216;210;province_3443;0
3444;165;37;77;province_3444;0
3445;210;114;200;province_3445;0
3446;255;191;67;province_3446;0
3447;44;12;190;province_3447;0
3448;89;89;57;province_3448;0
3449;134;166;180;province_3449;0
3450;179;243;47;province_3450;0
3451;224;64;170;province_3451;0
3452;13;141;37;province_3452;0
3453;58;218;160;province_3453;0
3454;103;39;27;province_3454;0
3455;148;116;150;province_3455;0
3456;193;193;17;province_3456;0
3457;238;14;140;province_3457;0
3458;27;91;7;province_3458;0
3459;72;168;130;province_3459;0
3460;117;245;253;province_3460;0
3461;162;66;120;province_3461;0
3462;207;143;243;province_3462;0
3463;252;220;110;province_3463;0
3464;41;41;233;province_3464;0
3465;86;118;100;province_3465;0
3466;131;195;223;province_3466;0
3467;176;16;90;province_3467;0
3468;221;93;213;province_3468;0
3469;10;170;80;province_3469;0
3470;55;247;203;province_3470;0
3471;100;68;70;province_3471;0
3472;145;145;193;province_3472;0
3473;190;222;60;province_3473;0
3474;235;43;183;province_3474;0
3475;24;120;50;province_3475;0
3476;69;197;173;province_3476;0
3477;114;18;40;province_3477;0
3478;159;95;163;province_3478;0
3479;204;172;30;province_3479;0
3480;249;249;153;province_3480;0
3481;38;70;20;province_3481;0
3482;83;147;143;province_3482;0
3483;128;224;10;province_3483;0
3484;173;45;133;province_3484;0
3485;218;122;0;province_3485;0
3486;7;199;123;province_3486;0
3487;52;20;246;province_3487;0
3488;97;97;113;province_3488;0
3489;142;174;236;province_3489;0
3490;187;251;103;province_3490;0
3491;232;72;226;province_3491;0
3492;21;149;93;province_3492;0
3493;66;226;216;province_3493;0
3494;111;47;83;province_3494;0
3495;156;124;206;province_3495;0
3496;201;201;73;province_3496;0
3497;246;22;196;province_3497;0
3498;35;99;63;province_3498;0
3499;80;176;186;province_3499;0
3500;125;253;53;province_3500;0
3501;170;74;176;province_3501;0
3502;215;151;43;province_3502;0
3503;4;228;166;province_3503;0
3504;49;49;33;province_3504;0
3505;94;126;156;province_3505;0
3506;139;203;23;province_3506;0
3507;184;24;146;province_3507;0
3508;229;101;13;province_3508;0
3509;18;178;136;province_3509;0
3510;63;255;3;province_3510;0
3511;108;76;126;province_3511;0
3512;153;153;249;province_3512;0
3513;198;230;116;province_3513;0
3514;243;51;239;province_3514;0
3515;32;128;106;province_3515;0
3516;77;205;229;province_3516;0
3517;122;26;96;province_3517;0
3518;167;103;219;province_3518;0
3519;212;180;86;province_3519;0
3520;1;1;209;province_3520;0
3521;46;78;76;province_3521;0
3522;91;155;199;province_3522;0
3523;136;232;66;province_3523;0
3524;181;53;189;province_3524;0
3525;226;130;56;province_3525;0
3526;15;207;179;province_3526;0
3527;60;28;46;province_3527;0
3528;105;105;169;province_3528;0
3529;150;182;36;province_3529;0
3530;195;3;159;province_3530;0
3531;240;80;26;province_3531;0
3532;29;157;149;province_3532;0
3533;74;234;16;province_3533;0
3534;119;55;139;province_3534;0
3535;164;132;6;province_3535;0
3536;209;209;129;province_3536;0
3537;254;30;252;province_3537;0
3538;43;107;119;province_3538;0
3539;88;184;242;province_3539;0
3540;133;5;109;province_3540;0
3541;178;82;232;province_3541;0
3542;223;159;99;province_3542;0
3543;12;236;222;province_3543;0
3544;57;57;89;province_3544;0
3545;102;134;212;province_3545;0
3546;147;211;79;province_3546;0
3547;192;32;202;province_3547;0
3548;237;109;69;province_3548;0
3549;26;186;192;province_3549;0
3550;71;7;59;province_3550;0
3551;116;84;182;province_3551;0
3552;161;161;49;province_3552;0
3553;206;238;172;province_3553;0
3554;251;59;39;province_3554;0
3555;40;136;162;province_3555;0
3556;85;213;29;province_3556;0
3557;130;34;152;province_3557;0
3558;175;111;19;province_3558;0
3559;220;188;142;province_3559;0
3560;9;9;9;province_3560;0
3561;55;87;133;province_3561;0
3562;100;164;0;province_3562;0
3563;145;241;123;province_3563;0
3564;190;62;246;province_3564;0
3565;235;139;113;province_3565;0
3566;24;216;236;province_3566;0
3567;69;37;103;province_3567;0
3568;114;114;226;province_3568;0
3569;159;191;93;province_3569;0
3570;204;12;216;province_3570;0
3571;249;89;83;province_3571;0
3572;38;166;206;province_3572;0
3573;83;243;73;province_3573;0
3574;128;64;196;province_3574;0
3575;173;141;63;province_3575;0
3576;218;218;186;province_3576;0
3577;7;39;53;province_3577;0
3578;52;116;176;province_3578;0
3579;97;193;43;province_3579;0
3580;142;14;166;province_3580;0
3581;187;91;33;province_3581;0
3582;232;168;156;province_3582;0
3583;21;245;23;province_3583;0
3584;66;66;146;province_3584;0
3585;111;143;13;province_3585;0
3586;156;220;136;province_3586;0
3587;201;41;3;province_3587;0
3588;246;118;126;province_3588;0
3589;35;195;249;province_3589;0
3590;80;16;116;province_3590;0
3591;125;93;239;province_3591;0
3592;170;170;106;province_3592;0
3593;215;247;229;province_3593;0
3594;4;68;96;province_3594;0
3595;49;145;219;province_3595;0
3596;94;222;86;province_3596;0
3597;139;43;209;province_3597;0
3598;184;120;76;province_3598;0
3599;229;197;199;province_3599;0
3600;18;18;66;province_3600;0
3601;63;95;189;province_3601;0
3602;108;172;56;province_3602;0
3603;153;249;179;province_3603;0
3604;198;70;46;province_3604;0
3605;243;147;169;province_3605;0
3606;32;224;36;province_3606;0
3607;77;45;159;province_3607;0
3608;122;122;26;province_3608;0
3609;167;199;149;province_3609;0
3610;212;20;16;province_3610;0
3611;1;97;139;province_3611;0
3612;46;174;6;province_3612;0
3613;91;251;129;province_3613;0
3614;136;72;252;province_3614;0
3615;181;149;119;province_3615;0
3616;226;226;242;province_3616;0
3617;15;47;109;province_3617;0
3618;60;124;232;province_3618;0
3619;105;201;99;province_3619;0
3620;150;22;222;province_3620;0
3621;195;99;89;province_3621;0
3622;240;176;212;province_3622;0
3623;29;253;79;province_3623;0
3624;74;74;202;province_3624;0
3625;119;151;69;province_3625;0
3626;164;228;192;province_3626;0
3627;209;49;59;province_3627;0
3628;254;126;182;province_3628;0
3629;43;203;49;province_3629;0
3630;88;24;172;province_3630;0
3631;133;101;39;province_3631;0
3632;178;178;162;province_3632;0
3633;223;255;29;province_3633;0
3634;12;76;152;province_3634;0
3635;57;153;19;province_3635;0
3636;102;230;142;province_3636;0
3637;147;51;9;province_3637;0
3638;192;128;132;province_3638;0
3639;237;205;255;province_3639;0
3640;26;26;122;province_3640;0
3641;71;103;245;province_3641;0
3642;116;180;112;province_3642;0
3643;161;1;235;province_3643;0
3644;206;78;102;province_3644;0
3645;251;155;225;province_3645;0
3646;40;232;92;province_3646;0
3647;85;53;215;province_3647;0
3648;130;130;82;province_3648;0
3649;175;207;205;province_3649;0
3650;220;28;72;province_3650;0
3651;9;105;195;province_3651;0
3652;54;182;62;province_3652;0